0.0 100.0
0.001001001001001001 101.9198106924363
0.002002002002002002 104.35969708959759
0.003003003003003003 105.00371007450795
0.004004004004004004 105.79197526145629
0.005005005005005005 105.62282019543596
0.006006006006006006 103.90816523075858
0.007007007007007007 104.16872887826221
0.008008008008008008 104.41545658264091
0.009009009009009009 104.25599700867699
0.01001001001001001 104.86579659488838
0.011011011011011011 105.68183698877664
0.012012012012012012 107.4902205149575
0.013013013013013013 105.94795838190862
0.014014014014014014 104.56925946901636
0.015015015015015015 106.54383135963771
0.016016016016016016 106.95802791506524
0.017017017017017015 107.18658221398043
0.018018018018018018 107.4708651640562
0.01901901901901902 109.06534302746087
0.02002002002002002 109.96166599386899
0.02102102102102102 109.26672879761634
0.022022022022022022 111.00302103539461
0.023023023023023025 110.60639076725039
0.024024024024024024 110.95262849461662
0.025025025025025023 111.3914968803982
0.026026026026026026 109.68001407955305
0.02702702702702703 111.80366821003776
0.028028028028028028 110.72220167256862
0.029029029029029027 109.32338046179612
0.03003003003003003 107.77198551269528
0.031031031031031032 105.43907080198244
0.03203203203203203 106.1716098742075
0.03303303303303303 107.12420250718469
0.03403403403403403 107.13276214512771
0.035035035035035036 104.93358601533022
0.036036036036036036 105.6550542105494
0.037037037037037035 106.72370027646919
0.03803803803803804 107.81354914532726
0.03903903903903904 108.58874160351242
0.04004004004004004 108.37015416001638
0.04104104104104104 107.77641018726655
0.04204204204204204 106.4613391017024
0.043043043043043044 108.8797626344459
0.044044044044044044 108.70182322186585
0.04504504504504504 106.91123658821918
0.04604604604604605 106.51912640487105
0.04704704704704705 107.67682625376915
0.04804804804804805 110.09877042443323
0.04904904904904905 108.99972828727596
0.050050050050050046 106.67759225727511
0.05105105105105105 104.83784616902737
0.05205205205205205 102.87855114587329
0.05305305305305305 102.9875843356434
0.05405405405405406 103.4307997596914
0.055055055055055056 103.5721144675887
0.056056056056056056 103.60330162879833
0.057057057057057055 102.92418412286659
0.058058058058058054 101.16911941040979
0.05905905905905906 100.31957423102065
0.06006006006006006 101.81684606618124
0.06106106106106106 103.62027546575052
0.062062062062062065 101.81821907556571
0.06306306306306306 100.85629189999301
0.06406406406406406 97.3557616410011
0.06506506506506507 96.03624571168227
0.06606606606606606 96.89280020937906
0.06706706706706707 97.47196752799303
0.06806806806806806 96.46606654889904
0.06906906906906907 94.77926818050302
0.07007007007007007 94.72540955960983
0.07107107107107107 96.79360980285838
0.07207207207207207 96.54410438786948
0.07307307307307308 96.72951235900443
0.07407407407407407 96.62171994112803
0.07507507507507508 94.78638959840694
0.07607607607607608 94.57978581325082
0.07707707707707707 95.08358688841372
0.07807807807807808 93.06918723595109
0.07907907907907907 92.70639047234405
0.08008008008008008 93.9524062965435
0.08108108108108109 94.4515693396551
0.08208208208208208 93.75396513592547
0.08308308308308308 95.22379441808016
0.08408408408408408 95.26805552392476
0.08508508508508508 93.59263687066317
0.08608608608608609 91.6135905609895
0.08708708708708708 91.66947484200058
0.08808808808808809 92.01260157030227
0.0890890890890891 91.69127383607416
0.09009009009009009 92.1265793856367
0.09109109109109109 93.35700272005442
0.0920920920920921 91.55415248858097
0.09309309309309309 90.47623703896149
0.0940940940940941 89.80696534294682
0.09509509509509509 90.7228242250915
0.0960960960960961 91.28747683404441
0.0970970970970971 90.12570927169125
0.0980980980980981 88.98529537356683
0.0990990990990991 86.72010628315351
0.10010010010010009 85.71639526440994
0.1011011011011011 86.35507718306178
0.1021021021021021 85.84557725813842
0.1031031031031031 86.62168640795196
0.1041041041041041 87.72440459027277
0.10510510510510511 87.66565592661897
0.1061061061061061 88.80380198794654
0.10710710710710711 88.31065753596799
0.10810810810810811 89.00295254215588
0.1091091091091091 86.27927445698347
0.11011011011011011 86.44627759489184
0.1111111111111111 87.57119656270632
0.11211211211211211 87.4974117568151
0.11311311311311312 87.74793617682406
0.11411411411411411 88.39872346245033
0.11511511511511512 88.21878720449752
0.11611611611611611 88.53170596784003
0.11711711711711711 87.78440154565936
0.11811811811811812 86.95364090957938
0.11911911911911911 86.66501451037746
0.12012012012012012 85.62791696616218
0.12112112112112113 86.24817035209138
0.12212212212212212 86.76601049674716
0.12312312312312312 85.17108186979415
0.12412412412412413 85.42321019015604
0.12512512512512514 84.1729675517865
0.12612612612612611 83.22960192164555
0.12712712712712712 81.53446701549755
0.12812812812812813 79.91824329489316
0.12912912912912913 79.1714099620299
0.13013013013013014 76.77932364026157
0.13113113113113112 78.45393422513285
0.13213213213213212 77.69946201540586
0.13313313313313313 77.63734187860578
0.13413413413413414 76.65605356868195
0.13513513513513514 75.65179043130229
0.13613613613613612 75.29126999353687
0.13713713713713713 75.78626099819749
0.13813813813813813 75.42550476624139
0.13913913913913914 74.29607566158718
0.14014014014014015 73.82092665846508
0.14114114114114115 71.44032522881824
0.14214214214214213 71.43575617454954
0.14314314314314314 71.66335537817521
0.14414414414414414 71.72105133379452
0.14514514514514515 71.07127753655479
0.14614614614614616 72.03832954869374
0.14714714714714713 71.167413262555
0.14814814814814814 70.29797711686034
0.14914914914914915 69.28750138350414
0.15015015015015015 68.64705620211629
0.15115115115115116 71.34773727967875
0.15215215215215216 72.4255909351756
0.15315315315315314 73.29797713693735
0.15415415415415415 73.55445541417643
0.15515515515515516 72.94083826738205
0.15615615615615616 72.68273749699058
0.15715715715715717 72.47685124986525
0.15815815815815815 72.13914832405125
0.15915915915915915 72.79587602410038
0.16016016016016016 71.77824398819206
0.16116116116116116 72.58096922162008
0.16216216216216217 72.06533558673264
0.16316316316316315 72.28537207819939
0.16416416416416416 71.78749797019641
0.16516516516516516 71.43825942604336
0.16616616616616617 72.05272566220222
0.16716716716716717 71.71830175462615
0.16816816816816815 71.77061483629365
0.16916916916916916 71.04735411974131
0.17017017017017017 70.56865064314502
0.17117117117117117 70.39129914704652
0.17217217217217218 69.30959013634542
0.17317317317317318 69.12728300427449
0.17417417417417416 69.68633157789561
0.17517517517517517 68.62957517456479
0.17617617617617617 68.02331498279216
0.17717717717717718 69.4125148890243
0.1781781781781782 70.32582092216032
0.17917917917917917 70.0143213451744
0.18018018018018017 69.19086037971182
0.18118118118118118 68.92504266106519
0.18218218218218218 67.95801635638816
0.1831831831831832 67.61336481220135
0.1841841841841842 68.82949058094187
0.18518518518518517 69.7968719724625
0.18618618618618618 69.87838345297345
0.1871871871871872 70.02525188380618
0.1881881881881882 68.84289557400241
0.1891891891891892 70.19796971360367
0.19019019019019018 70.51562547843294
0.19119119119119118 69.87175955999308
0.1921921921921922 71.052603739601
0.1931931931931932 70.89018466411922
0.1941941941941942 71.16244019932144
0.19519519519519518 69.93262822270361
0.1961961961961962 68.5387358312575
0.1971971971971972 66.78833643295826
0.1981981981981982 66.87039273297863
0.1991991991991992 67.35657610571627
0.20020020020020018 66.43225764038904
0.2012012012012012 66.61312706705777
0.2022022022022022 65.97932550342173
0.2032032032032032 65.66167384288562
0.2042042042042042 66.06168491742578
0.20520520520520522 66.44721881657198
0.2062062062062062 66.78236474132918
0.2072072072072072 66.25122851258106
0.2082082082082082 65.84759859890164
0.2092092092092092 66.0725988674554
0.21021021021021022 66.10966887307312
0.2112112112112112 66.56683896759486
0.2122122122122122 65.8796414418241
0.2132132132132132 65.29723282715482
0.21421421421421422 65.74808803735262
0.21521521521521522 65.50509793896332
0.21621621621621623 64.54280967977813
0.2172172172172172 64.01886848278718
0.2182182182182182 63.491041617660315
0.21921921921921922 62.92479372970527
0.22022022022022023 62.18817160651683
0.22122122122122123 61.71687567308026
0.2222222222222222 61.58747446670995
0.22322322322322322 63.157795994354146
0.22422422422422422 63.8342454605844
0.22522522522522523 61.94008472038292
0.22622622622622623 61.7315236521236
0.2272272272272272 63.884018329258325
0.22822822822822822 63.88175809743931
0.22922922922922923 64.23580742358699
0.23023023023023023 63.90768250233237
0.23123123123123124 64.9368594166497
0.23223223223223222 65.54804587221227
0.23323323323323322 65.43768151550852
0.23423423423423423 64.6748393231563
0.23523523523523523 65.276046017674
0.23623623623623624 64.42998827266207
0.23723723723723725 64.40887573712713
0.23823823823823823 64.64663523878357
0.23923923923923923 65.12764651867872
0.24024024024024024 64.84168886216293
0.24124124124124124 65.4051223753604
0.24224224224224225 65.81927382527806
0.24324324324324323 65.23945929601356
0.24424424424424424 64.5829692264499
0.24524524524524524 64.86784639856177
0.24624624624624625 65.6982024467755
0.24724724724724725 65.25537830522985
0.24824824824824826 66.5570933360262
0.24924924924924924 66.27402931917337
0.2502502502502503 67.13464808553478
0.25125125125125125 66.69162692340137
0.25225225225225223 65.13413872083818
0.25325325325325326 64.48035206292211
0.25425425425425424 64.08773352005387
0.2552552552552553 64.27942148981398
0.25625625625625625 63.77350110393043
0.25725725725725723 63.16685502776199
0.25825825825825827 62.3944212432842
0.25925925925925924 62.43860654539556
0.2602602602602603 62.27645722557645
0.26126126126126126 62.46143218459182
0.26226226226226224 61.653948708417175
0.26326326326326327 61.167926659448796
0.26426426426426425 61.462152276928244
0.2652652652652653 61.545831712549216
0.26626626626626626 62.384497579467414
0.26726726726726724 60.93048654371121
0.2682682682682683 59.609840707147896
0.26926926926926925 60.56379316600056
0.2702702702702703 59.76368919395587
0.27127127127127126 59.40057085314123
0.27227227227227224 59.250650805868005
0.2732732732732733 59.61158965089374
0.27427427427427425 59.73075644251867
0.2752752752752753 59.97865387497105
0.27627627627627627 60.203576229524295
0.2772772772772773 59.541042992654084
0.2782782782782783 59.00038873953504
0.27927927927927926 59.730045221907844
0.2802802802802803 59.57626238624747
0.28128128128128127 59.008504185561414
0.2822822822822823 59.54004569343383
0.2832832832832833 58.45450664867842
0.28428428428428426 58.81832335042293
0.2852852852852853 58.36860611029505
0.2862862862862863 58.4343204886746
0.2872872872872873 58.04074298846582
0.2882882882882883 58.39731288976069
0.28928928928928926 57.468940754236755
0.2902902902902903 56.60985278426523
0.2912912912912913 58.329901209231565
0.2922922922922923 59.10350794286536
0.2932932932932933 58.9187892678729
0.29429429429429427 59.82480587898489
0.2952952952952953 58.638722024835175
0.2962962962962963 59.410357946235706
0.2972972972972973 59.690363646410425
0.2982982982982983 59.47302885733771
0.29929929929929927 59.49914536292444
0.3003003003003003 59.837284458053354
0.3013013013013013 60.26989672104218
0.3023023023023023 59.35089379380343
0.3033033033033033 58.417908377574214
0.30430430430430433 58.59361309187308
0.3053053053053053 59.86466302728149
0.3063063063063063 59.58896383183598
0.3073073073073073 58.33765394333803
0.3083083083083083 58.440052434816735
0.30930930930930933 58.93084300237263
0.3103103103103103 59.202169322348475
0.3113113113113113 58.25513343530958
0.3123123123123123 58.15090550184837
0.3133133133133133 58.619184548045254
0.31431431431431434 57.38601379596491
0.3153153153153153 56.869710481056536
0.3163163163163163 57.94627350436101
0.3173173173173173 57.97223182472501
0.3183183183183183 57.309826034306155
0.31931931931931934 56.01667201107394
0.3203203203203203 55.861040745562896
0.3213213213213213 56.1905070933876
0.32232232232232233 56.669897199425165
0.3233233233233233 56.78228089821219
0.32432432432432434 57.353125278468845
0.3253253253253253 57.35123839923516
0.3263263263263263 57.703490664403844
0.32732732732732733 58.1561374151297
0.3283283283283283 58.19979187309599
0.32932932932932935 57.81393101693819
0.3303303303303303 56.93891562299107
0.3313313313313313 56.90105127184764
0.33233233233233234 56.59234495129555
0.3333333333333333 56.6149846601816
0.33433433433433435 56.34143758924033
0.3353353353353353 54.56684187950709
0.3363363363363363 54.69895147364416
0.33733733733733734 54.78891216669892
0.3383383383383383 54.334242022573974
0.33933933933933935 55.95132204043115
0.34034034034034033 56.41149333858167
0.34134134134134136 56.61688911962708
0.34234234234234234 56.94542785066449
0.3433433433433433 57.75321897790847
0.34434434434434436 57.76519661530877
0.34534534534534533 58.04963840783896
0.34634634634634637 57.456785310167234
0.34734734734734735 57.68367260321679
0.3483483483483483 56.85267210510773
0.34934934934934936 56.67480875571969
0.35035035035035034 57.69403295757538
0.35135135135135137 56.83517049845465
0.35235235235235235 56.8902141885191
0.3533533533533533 55.88731566911074
0.35435435435435436 56.07784119514411
0.35535535535535534 56.642527341822806
0.3563563563563564 56.880189772965466
0.35735735735735735 56.99240592418075
0.35835835835835833 56.83376997309767
0.35935935935935936 57.86281184830276
0.36036036036036034 58.84979236000486
0.3613613613613614 59.90033098684901
0.36236236236236236 58.976750784384926
0.36336336336336333 60.38156762743266
0.36436436436436437 60.73642641664023
0.36536536536536535 59.985993514818375
0.3663663663663664 59.1724058314734
0.36736736736736736 59.47851311598286
0.3683683683683684 59.301443175995686
0.36936936936936937 58.25103644772395
0.37037037037037035 57.629858367466475
0.3713713713713714 59.016758885801714
0.37237237237237236 58.73785174772624
0.3733733733733734 58.73344496568228
0.3743743743743744 58.08132861343866
0.37537537537537535 59.64628441658479
0.3763763763763764 59.5839590059205
0.37737737737737737 59.396217175484274
0.3783783783783784 60.100302284431045
0.3793793793793794 60.799612790184725
0.38038038038038036 61.00340991405262
0.3813813813813814 59.54970305157459
0.38238238238238237 58.568119173250324
0.3833833833833834 58.03727814702824
0.3843843843843844 59.07488935321962
0.38538538538538536 58.96533862294326
0.3863863863863864 58.825299970832646
0.38738738738738737 57.93563782748151
0.3883883883883884 57.74539760032731
0.3893893893893894 57.227368620526065
0.39039039039039036 57.816589306628366
0.3913913913913914 57.953815434259795
0.3923923923923924 57.607305830571924
0.3933933933933934 57.4378617073456
0.3943943943943944 57.536711935578765
0.39539539539539537 57.36845208582077
0.3963963963963964 58.00375102478662
0.3973973973973974 57.384732674673515
0.3983983983983984 57.49171005627123
0.3993993993993994 58.00136221254075
0.40040040040040037 57.837610185996766
0.4014014014014014 57.466683719695446
0.4024024024024024 56.714176837983466
0.4034034034034034 56.90492381481473
0.4044044044044044 56.50437724338169
0.40540540540540543 55.96926204743993
0.4064064064064064 56.18548330679096
0.4074074074074074 56.23386480341467
0.4084084084084084 56.236139896914146
0.4094094094094094 56.671217884901715
0.41041041041041043 57.660083277550335
0.4114114114114114 57.32585803368209
0.4124124124124124 57.57703564897113
0.4134134134134134 57.29857367503731
0.4144144144144144 57.60367999168348
0.41541541541541543 57.066745422755154
0.4164164164164164 57.110535090039555
0.4174174174174174 57.42490037606789
0.4184184184184184 57.65484373883254
0.4194194194194194 56.71205584759763
0.42042042042042044 56.51698844327256
0.4214214214214214 57.42697205975954
0.4224224224224224 56.58054791795638
0.42342342342342343 55.94884535798069
0.4244244244244244 56.90012011724384
0.42542542542542544 56.75699007281766
0.4264264264264264 58.618921243207936
0.4274274274274274 58.97522912511373
0.42842842842842843 59.57747653128872
0.4294294294294294 60.06990557669533
0.43043043043043044 59.825072097191764
0.4314314314314314 60.429368671812654
0.43243243243243246 60.47844412463997
0.43343343343343343 59.583356101833004
0.4344344344344344 60.52321118767256
0.43543543543543545 60.58639450081332
0.4364364364364364 59.5537419910713
0.43743743743743746 59.40204554956108
0.43843843843843844 59.73268635238284
0.4394394394394394 60.34738675697061
0.44044044044044045 60.96558933529046
0.44144144144144143 60.367826898169625
0.44244244244244246 61.19394927969151
0.44344344344344344 61.56913812688616
0.4444444444444444 62.19880849153458
0.44544544544544545 61.67966078346404
0.44644644644644643 63.158206347027026
0.44744744744744747 63.88795182654495
0.44844844844844844 63.948175206308434
0.4494494494494494 65.32394114332573
0.45045045045045046 63.61834499551844
0.45145145145145144 63.33140244231184
0.45245245245245247 63.21599213591769
0.45345345345345345 61.82596728724596
0.4544544544544544 62.50631085963646
0.45545545545545546 61.3410620899697
0.45645645645645644 60.479529512766064
0.4574574574574575 60.519574547284186
0.45845845845845845 59.76319668691514
0.45945945945945943 60.22102275472603
0.46046046046046046 59.40900124140897
0.46146146146146144 58.87095318531795
0.4624624624624625 58.57763702696766
0.46346346346346345 57.428301443335215
0.46446446446446443 57.452113720851
0.46546546546546547 56.68687180055578
0.46646646646646645 57.674735940673195
0.4674674674674675 58.35865883301106
0.46846846846846846 56.97547159589421
0.4694694694694695 57.78114911194501
0.47047047047047047 57.83296361892168
0.47147147147147145 58.438588939808824
0.4724724724724725 58.25183851078083
0.47347347347347346 57.423003132050496
0.4744744744744745 57.75096146055231
0.4754754754754755 56.72619890262894
0.47647647647647645 56.51376173712822
0.4774774774774775 56.78832512326895
0.47847847847847846 56.156581333152765
0.4794794794794795 55.94975555844888
0.4804804804804805 57.20239434411306
0.48148148148148145 57.84202648205799
0.4824824824824825 57.62281375176759
0.48348348348348347 57.599529649426735
0.4844844844844845 58.30118463931566
0.4854854854854855 58.692729031678674
0.48648648648648646 59.38649134581723
0.4874874874874875 59.07981524648254
0.48848848848848847 58.92980849765458
0.4894894894894895 59.33234466188004
0.4904904904904905 58.95519756428086
0.49149149149149146 58.726839661127144
0.4924924924924925 58.61856002368968
0.4934934934934935 60.517840588916556
0.4944944944944945 61.12874724629657
0.4954954954954955 62.59828614955445
0.4964964964964965 62.272861891918026
0.4974974974974975 61.29581481831477
0.4984984984984985 61.37082587019453
0.4994994994994995 61.99719465242242
0.5005005005005005 62.01844390456561
0.5015015015015015 61.44569752624504
0.5025025025025025 61.19482994604055
0.5035035035035035 60.85255554245303
0.5045045045045045 60.848637792662814
0.5055055055055055 60.862915254616404
0.5065065065065065 60.70911122738173
0.5075075075075075 61.097286324604084
0.5085085085085085 61.21536702674806
0.5095095095095095 60.780199856045634
0.5105105105105106 60.905596707723255
0.5115115115115115 61.17952949906885
0.5125125125125125 60.17023822883601
0.5135135135135135 59.1733903419054
0.5145145145145145 59.15138313046829
0.5155155155155156 59.157287667380054
0.5165165165165165 59.108442010189584
0.5175175175175175 58.481027690222085
0.5185185185185185 58.63710467292727
0.5195195195195195 58.19319091914166
0.5205205205205206 58.26161018560926
0.5215215215215215 57.83213543951686
0.5225225225225225 57.840119156658986
0.5235235235235235 56.415278960611424
0.5245245245245245 55.427874405411565
0.5255255255255256 55.16403197850389
0.5265265265265265 55.26507760690341
0.5275275275275275 54.585368941163
0.5285285285285285 54.32775690935381
0.5295295295295295 55.23198857192642
0.5305305305305306 56.57362677786783
0.5315315315315315 57.41113224639328
0.5325325325325325 56.28594201040048
0.5335335335335335 56.877210705956216
0.5345345345345345 57.368005304367465
0.5355355355355356 57.50574393347167
0.5365365365365365 56.2850130504271
0.5375375375375375 56.14592943102251
0.5385385385385385 55.54993156301872
0.5395395395395395 54.64500624978004
0.5405405405405406 54.02033448128052
0.5415415415415415 53.53111731924363
0.5425425425425425 54.060915183056935
0.5435435435435435 53.52900952391571
0.5445445445445445 55.20553851276582
0.5455455455455456 56.164459433951336
0.5465465465465466 56.876249027913
0.5475475475475475 57.695329142128415
0.5485485485485485 58.527629750180495
0.5495495495495496 59.79658408563547
0.5505505505505506 59.75916586304677
0.5515515515515516 59.74369022293747
0.5525525525525525 60.27401149088268
0.5535535535535535 60.48692516952233
0.5545545545545546 60.79143599147668
0.5555555555555556 60.62796074059549
0.5565565565565566 61.563398599460875
0.5575575575575575 60.99724367522432
0.5585585585585585 60.88921307745019
0.5595595595595596 61.238413998188015
0.5605605605605606 59.971157014351775
0.5615615615615616 59.5031721680796
0.5625625625625625 59.294348780422034
0.5635635635635635 59.016048108853695
0.5645645645645646 58.70927895975066
0.5655655655655656 58.72947273314451
0.5665665665665666 58.284685096484985
0.5675675675675675 57.41516075506174
0.5685685685685685 57.46767325339687
0.5695695695695696 59.0320212002231
0.5705705705705706 58.191393783163875
0.5715715715715716 57.96367838243688
0.5725725725725725 57.134420232999155
0.5735735735735735 57.08524462644258
0.5745745745745746 56.82893223801998
0.5755755755755756 55.76473016269198
0.5765765765765766 56.213336495283535
0.5775775775775776 56.57762396169821
0.5785785785785785 56.86708274566868
0.5795795795795796 58.02443307672009
0.5805805805805806 57.94202934664591
0.5815815815815816 57.63805992968342
0.5825825825825826 57.76649686965181
0.5835835835835835 57.08279813971046
0.5845845845845846 58.35162998620117
0.5855855855855856 58.75906330757166
0.5865865865865866 58.22421965643524
0.5875875875875876 58.414567169297946
0.5885885885885885 58.22622611219842
0.5895895895895896 57.18835205032644
0.5905905905905906 56.83632606733486
0.5915915915915916 57.66025596745806
0.5925925925925926 58.56792465875681
0.5935935935935935 59.17220816188385
0.5945945945945946 60.74344417500157
0.5955955955955956 60.036316131610974
0.5965965965965966 59.48076015587
0.5975975975975976 59.05515721102447
0.5985985985985985 58.20301932780245
0.5995995995995996 58.60639738100141
0.6006006006006006 58.457214510865434
0.6016016016016016 58.842305410223936
0.6026026026026026 58.777031322868325
0.6036036036036035 59.38965365138552
0.6046046046046046 61.03950679311817
0.6056056056056056 62.23054077066695
0.6066066066066066 63.380568325040876
0.6076076076076076 63.87926618588503
0.6086086086086087 64.24185454503333
0.6096096096096096 63.75204680617156
0.6106106106106106 64.33727470347102
0.6116116116116116 64.45761442491548
0.6126126126126126 63.35504816668547
0.6136136136136137 62.19066584811829
0.6146146146146146 63.89516873423508
0.6156156156156156 63.042266308517235
0.6166166166166166 62.82530483307289
0.6176176176176176 61.27048142033253
0.6186186186186187 61.17667214289327
0.6196196196196196 59.32135439946537
0.6206206206206206 59.929763455862044
0.6216216216216216 62.61909426117967
0.6226226226226226 62.77650794813868
0.6236236236236237 62.37990615249711
0.6246246246246246 62.58688209724149
0.6256256256256256 63.916572274854914
0.6266266266266266 63.00435683326254
0.6276276276276276 62.284636452864454
0.6286286286286287 63.03338846006805
0.6296296296296297 63.3647095594837
0.6306306306306306 63.27155148398936
0.6316316316316316 63.299063084277265
0.6326326326326326 62.39399519697767
0.6336336336336337 63.25715382279212
0.6346346346346347 62.441979426095415
0.6356356356356356 61.81703879257037
0.6366366366366366 62.04852622841258
0.6376376376376376 60.42648845795242
0.6386386386386387 59.69600733586122
0.6396396396396397 59.218701982000745
0.6406406406406406 59.333058992758815
0.6416416416416416 59.00179901882251
0.6426426426426426 58.40742720769629
0.6436436436436437 58.130405676266754
0.6446446446446447 58.06227898454023
0.6456456456456456 56.784065903592214
0.6466466466466466 56.81278591928957
0.6476476476476476 55.08535081142772
0.6486486486486487 54.262507950357204
0.6496496496496497 53.6065251945578
0.6506506506506506 54.44118837661242
0.6516516516516516 54.37459957631827
0.6526526526526526 54.21969673515548
0.6536536536536537 53.77565417358567
0.6546546546546547 53.6861698555579
0.6556556556556556 53.51838454681787
0.6566566566566566 51.80393589560043
0.6576576576576576 51.59080924074192
0.6586586586586587 52.0516796815316
0.6596596596596597 52.03223382875359
0.6606606606606606 52.727948350385816
0.6616616616616616 52.24610491346073
0.6626626626626626 52.787453728788584
0.6636636636636637 51.90443014091141
0.6646646646646647 52.50106086361246
0.6656656656656657 52.28344500802851
0.6666666666666666 52.07128122847189
0.6676676676676676 52.85608681926143
0.6686686686686687 52.47708937292272
0.6696696696696697 52.72873717942277
0.6706706706706707 53.60253887842842
0.6716716716716716 52.08654221908376
0.6726726726726726 51.99183167277549
0.6736736736736737 52.439070112976
0.6746746746746747 52.25911222067779
0.6756756756756757 52.419815501983145
0.6766766766766766 52.562179328029266
0.6776776776776777 52.35121496112157
0.6786786786786787 52.69223057521128
0.6796796796796797 53.35233913206481
0.6806806806806807 53.123777851148155
0.6816816816816816 52.94072212393073
0.6826826826826827 51.59859543945647
0.6836836836836837 51.19646210770166
0.6846846846846847 49.96040584645262
0.6856856856856857 50.89296684655005
0.6866866866866866 50.27246582873641
0.6876876876876877 51.49775539086586
0.6886886886886887 51.34015314559866
0.6896896896896897 50.965772517592896
0.6906906906906907 50.49033073291238
0.6916916916916916 49.94243735681343
0.6926926926926927 49.15392619904555
0.6936936936936937 49.1062759365783
0.6946946946946947 49.073631557944665
0.6956956956956957 48.81357827817929
0.6966966966966966 49.36414418982137
0.6976976976976977 48.936523881735525
0.6986986986986987 48.776565054705486
0.6996996996996997 48.19371738541027
0.7007007007007007 47.69332883420206
0.7017017017017017 47.86656340469298
0.7027027027027027 48.33528291150477
0.7037037037037037 48.30262174084212
0.7047047047047047 48.83697767252925
0.7057057057057057 49.86162530884788
0.7067067067067067 49.04332295143838
0.7077077077077077 48.61039629386325
0.7087087087087087 49.19446736042905
0.7097097097097097 49.09616281455567
0.7107107107107107 49.210815778814336
0.7117117117117117 48.55068123844796
0.7127127127127127 48.457144757057705
0.7137137137137137 48.823406581591584
0.7147147147147147 50.30510737812182
0.7157157157157157 50.61125486166105
0.7167167167167167 50.90606733466371
0.7177177177177178 51.295332838667
0.7187187187187187 51.139174345579896
0.7197197197197197 50.56416679878075
0.7207207207207207 50.31808427911957
0.7217217217217217 50.126264204073394
0.7227227227227228 50.640966234112966
0.7237237237237237 50.964396526345745
0.7247247247247247 50.41245969186966
0.7257257257257257 50.036152736741066
0.7267267267267267 49.50746833893856
0.7277277277277278 50.39457873263928
0.7287287287287287 50.940055819083156
0.7297297297297297 51.71166324536507
0.7307307307307307 52.17478729585303
0.7317317317317317 51.28180261583845
0.7327327327327328 50.711841679008884
0.7337337337337337 49.863475263737435
0.7347347347347347 50.398626106846436
0.7357357357357357 50.39488984779321
0.7367367367367368 49.87946297666034
0.7377377377377378 49.391350748991066
0.7387387387387387 50.15202678219446
0.7397397397397397 50.47069511178842
0.7407407407407407 50.572727961443775
0.7417417417417418 51.58461183773669
0.7427427427427428 50.837529543665205
0.7437437437437437 50.41257951959212
0.7447447447447447 50.34790110937654
0.7457457457457457 50.07087559467471
0.7467467467467468 50.62162587431109
0.7477477477477478 49.85902194981419
0.7487487487487487 49.96474650964772
0.7497497497497497 50.34921805412621
0.7507507507507507 49.28911051733132
0.7517517517517518 49.329171414294215
0.7527527527527528 48.68296434742588
0.7537537537537538 48.96282247722037
0.7547547547547547 48.82591972300722
0.7557557557557557 49.43587333416663
0.7567567567567568 49.49098467643115
0.7577577577577578 49.24928741922133
0.7587587587587588 48.69715218995336
0.7597597597597597 48.91405306959157
0.7607607607607607 48.679812995904285
0.7617617617617618 49.529305577300924
0.7627627627627628 49.2114019028619
0.7637637637637638 49.51386287317635
0.7647647647647647 48.688244720476966
0.7657657657657657 48.22675669952379
0.7667667667667668 47.731604489310925
0.7677677677677678 47.50157108804849
0.7687687687687688 47.57684739863901
0.7697697697697697 46.92591618748988
0.7707707707707707 46.84235839286818
0.7717717717717718 47.81151960780207
0.7727727727727728 46.11258943901263
0.7737737737737738 46.452183606710655
0.7747747747747747 46.86616114244409
0.7757757757757757 46.08505191511954
0.7767767767767768 46.052443010494336
0.7777777777777778 45.71957183121199
0.7787787787787788 44.92302281721847
0.7797797797797797 44.48148495107797
0.7807807807807807 43.3847578476773
0.7817817817817818 43.0391347496976
0.7827827827827828 43.03810044297205
0.7837837837837838 43.41832330060121
0.7847847847847848 42.99208601670169
0.7857857857857857 42.477471832366135
0.7867867867867868 42.324251495005846
0.7877877877877878 43.163395785401725
0.7887887887887888 42.151710837600525
0.7897897897897898 41.73249314089952
0.7907907907907907 41.53922822191619
0.7917917917917918 42.40894762563935
0.7927927927927928 42.53213934491309
0.7937937937937938 41.50370213898191
0.7947947947947948 41.018185448728936
0.7957957957957957 39.84900682356071
0.7967967967967968 40.340555615235
0.7977977977977978 40.28586737040714
0.7987987987987988 39.903210595005916
0.7997997997997998 40.33793654095047
0.8008008008008007 40.34361712321391
0.8018018018018018 40.15391577054927
0.8028028028028028 40.1885280435311
0.8038038038038038 40.625025722371454
0.8048048048048048 40.414996092582946
0.8058058058058059 40.306978973433885
0.8068068068068068 39.76440834996763
0.8078078078078078 39.596176972485566
0.8088088088088088 40.21990803728673
0.8098098098098098 39.90557858457401
0.8108108108108109 39.46342338536547
0.8118118118118118 39.88899801835525
0.8128128128128128 40.102215093504704
0.8138138138138138 40.61950561972235
0.8148148148148148 39.969300817235975
0.8158158158158159 40.37615811815715
0.8168168168168168 40.15496534386262
0.8178178178178178 39.770828211086794
0.8188188188188188 40.341536026200586
0.8198198198198198 41.42937987811081
0.8208208208208209 41.667603082603485
0.8218218218218218 42.07084153675377
0.8228228228228228 41.46009883406308
0.8238238238238238 41.15537598811784
0.8248248248248248 41.2259214402867
0.8258258258258259 41.31019971905704
0.8268268268268268 40.8365251883356
0.8278278278278278 40.339182750252455
0.8288288288288288 40.832464263549454
0.8298298298298298 42.06630988568108
0.8308308308308309 41.85845930944504
0.8318318318318318 42.549557018767075
0.8328328328328328 43.80821359998127
0.8338338338338338 44.445255172876905
0.8348348348348348 44.25206910407919
0.8358358358358359 44.31469455692289
0.8368368368368369 45.14243575051969
0.8378378378378378 44.727301441438556
0.8388388388388388 45.85684975287785
0.8398398398398398 46.112301764457506
0.8408408408408409 45.98087284926645
0.8418418418418419 46.14474860558531
0.8428428428428428 44.53316827544043
0.8438438438438438 44.837649373661684
0.8448448448448448 44.83329086003552
0.8458458458458459 45.123416863389174
0.8468468468468469 44.60891981060355
0.8478478478478478 44.16369516665595
0.8488488488488488 45.374529009351576
0.8498498498498498 45.8975566349918
0.8508508508508509 46.46520139872843
0.8518518518518519 46.76877272294997
0.8528528528528528 46.215601278803675
0.8538538538538538 46.41502763602918
0.8548548548548548 46.41126923037094
0.8558558558558559 46.260019320330855
0.8568568568568569 46.62650398443211
0.8578578578578578 45.87325462810808
0.8588588588588588 45.75019040915921
0.8598598598598598 45.10116086190558
0.8608608608608609 45.28426839177736
0.8618618618618619 45.08997440906324
0.8628628628628628 45.412056941730896
0.8638638638638638 45.33633764124252
0.8648648648648649 45.522743190215294
0.8658658658658659 44.87645173260319
0.8668668668668669 45.527319757479766
0.8678678678678678 46.03569910619245
0.8688688688688688 45.972822265625666
0.8698698698698699 46.321946248131574
0.8708708708708709 46.60745928093422
0.8718718718718719 47.33697192897081
0.8728728728728729 47.7511169427474
0.8738738738738738 48.06935569483585
0.8748748748748749 49.072670644421706
0.8758758758758759 49.152626019642646
0.8768768768768769 49.905648422676585
0.8778778778778779 50.42724412088888
0.8788788788788788 49.84074354862858
0.8798798798798799 49.85239242516439
0.8808808808808809 50.113289036234406
0.8818818818818819 50.788427195372236
0.8828828828828829 50.68430611987455
0.8838838838838838 50.75415776015873
0.8848848848848849 50.860919208491666
0.8858858858858859 50.750836300148514
0.8868868868868869 52.016501896023705
0.8878878878878879 52.321282556751605
0.8888888888888888 51.8295906234678
0.8898898898898899 51.698395794530825
0.8908908908908909 50.84273358196244
0.8918918918918919 51.30076412363991
0.8928928928928929 51.470447623838155
0.8938938938938938 50.24157828071566
0.8948948948948949 50.524463330006895
0.8958958958958959 50.10898657699703
0.8968968968968969 49.31813229465083
0.8978978978978979 49.8692313534883
0.8988988988988988 50.77310497509094
0.8998998998998999 48.869040963025974
0.9009009009009009 48.02164966604381
0.9019019019019019 47.804176646751294
0.9029029029029029 47.4237048484316
0.9039039039039038 47.32590559450335
0.9049049049049049 46.89269649568896
0.9059059059059059 46.8516020054368
0.9069069069069069 47.59291400619546
0.9079079079079079 48.37603285583233
0.9089089089089089 47.596104102962045
0.9099099099099099 47.60561008073422
0.9109109109109109 47.134512463045574
0.9119119119119119 47.41149917665499
0.9129129129129129 48.795183967230386
0.9139139139139139 49.290563633025364
0.914914914914915 49.318766337435946
0.9159159159159159 49.45590213259708
0.9169169169169169 49.130730450379794
0.9179179179179179 49.91679490445776
0.9189189189189189 49.33987267862205
0.91991991991992 51.2127017722302
0.9209209209209209 51.373928984665284
0.9219219219219219 51.242378368074746
0.9229229229229229 50.8489230843858
0.9239239239239239 51.732270263545026
0.924924924924925 51.07776181353402
0.9259259259259259 50.17156458419697
0.9269269269269269 50.095906303582545
0.9279279279279279 49.54746380086326
0.9289289289289289 48.256740320910716
0.92992992992993 47.95454940678623
0.9309309309309309 47.7228237695316
0.9319319319319319 48.31467564856487
0.9329329329329329 48.90664715173499
0.933933933933934 49.23485069631494
0.934934934934935 50.278213096405366
0.9359359359359359 51.12976379015382
0.9369369369369369 51.20296917598495
0.9379379379379379 50.16804403898069
0.938938938938939 50.926559466832416
0.93993993993994 51.00347650777781
0.9409409409409409 49.89597055594498
0.9419419419419419 49.57494411314254
0.9429429429429429 50.09769774778153
0.943943943943944 50.37925706548325
0.944944944944945 49.336714456228435
0.9459459459459459 49.50851869175045
0.9469469469469469 49.99863929134911
0.9479479479479479 50.24784227894356
0.948948948948949 50.97120865895769
0.94994994994995 51.10383371720309
0.950950950950951 50.58386602851331
0.9519519519519519 50.992390227250276
0.9529529529529529 51.05358425417995
0.953953953953954 51.74540318479384
0.954954954954955 51.061923973723424
0.955955955955956 51.57832990363448
0.9569569569569569 51.838761648521654
0.9579579579579579 52.070798866052876
0.958958958958959 50.9553139689897
0.95995995995996 50.835869147353954
0.960960960960961 51.44034524774009
0.9619619619619619 51.57400919762379
0.9629629629629629 51.24724078152425
0.963963963963964 50.98017011942499
0.964964964964965 50.58500562086427
0.965965965965966 51.07422792862582
0.9669669669669669 50.18574312187684
0.9679679679679679 50.5796605498641
0.968968968968969 49.66082982002722
0.96996996996997 48.9654873810467
0.970970970970971 49.184698426083436
0.9719719719719719 49.76231418937188
0.9729729729729729 49.991011412258935
0.973973973973974 49.74850396891462
0.974974974974975 49.53548897967658
0.975975975975976 48.879520757227276
0.9769769769769769 49.06105830464199
0.9779779779779779 50.00084082071079
0.978978978978979 49.86109227985216
0.97997997997998 50.586172994801316
0.980980980980981 50.53028052408118
0.9819819819819819 50.78784215965136
0.9829829829829829 50.26100477257172
0.983983983983984 50.20998362546906
0.984984984984985 49.60680340249674
0.985985985985986 50.01626466851646
0.986986986986987 50.07666088580415
0.9879879879879879 50.40651587421311
0.988988988988989 50.22818222809304
0.98998998998999 49.6245509344016
0.990990990990991 50.18038095436831
0.991991991991992 51.82396410748737
0.992992992992993 51.36832741297463
0.993993993993994 52.311988687202174
0.994994994994995 52.67613782354961
0.995995995995996 52.728507843366074
0.996996996996997 52.77608929887175
0.997997997997998 52.775554100188096
0.998998998998999 52.09729050164896
1.0 51.51952997537311
