0.0 100.0
0.001001001001001001 97.25283457064617
0.002002002002002002 98.64304003113939
0.003003003003003003 99.41234527967976
0.004004004004004004 98.64827200449027
0.005005005005005005 99.15696426050305
0.006006006006006006 98.00198110001493
0.007007007007007007 99.38526914909473
0.008008008008008008 98.17763553604337
0.009009009009009009 99.41245880764406
0.01001001001001001 100.12117373989157
0.011011011011011011 101.09647045631793
0.012012012012012012 102.27060862401956
0.013013013013013013 103.49568657514082
0.014014014014014014 104.13127595860998
0.015015015015015015 105.71737075404234
0.016016016016016016 104.3059970241417
0.017017017017017015 105.13701076571742
0.018018018018018018 102.17488097637204
0.01901901901901902 102.00690708947994
0.02002002002002002 102.36518274776621
0.02102102102102102 102.65567791668259
0.022022022022022022 106.32186654846544
0.023023023023023025 106.4658889272051
0.024024024024024024 107.34891723149521
0.025025025025025023 106.63638703655884
0.026026026026026026 107.54251906509563
0.02702702702702703 106.62243944644914
0.028028028028028028 107.45372475462219
0.029029029029029027 108.84412762496318
0.03003003003003003 109.2427725730229
0.031031031031031032 110.13260008758864
0.03203203203203203 111.95096729110814
0.03303303303303303 111.27194284465372
0.03403403403403403 108.61552693462383
0.035035035035035036 109.69123823925206
0.036036036036036036 109.93932809140198
0.037037037037037035 108.24875860310104
0.03803803803803804 108.29573745868348
0.03903903903903904 109.10604789646867
0.04004004004004004 107.2667399760112
0.04104104104104104 108.37147985862231
0.04204204204204204 108.87286885586454
0.043043043043043044 111.7169702757152
0.044044044044044044 113.42066110267182
0.04504504504504504 111.63478150435301
0.04604604604604605 110.78476446260149
0.04704704704704705 109.79186510956276
0.04804804804804805 111.72012557983311
0.04904904904904905 110.13931585106751
0.050050050050050046 109.22960441626756
0.05105105105105105 108.91783879746947
0.05205205205205205 110.79063341342913
0.05305305305305305 112.99343644604475
0.05405405405405406 111.97800856204874
0.055055055055055056 113.62659965214041
0.056056056056056056 111.0490901116429
0.057057057057057055 109.08739862699484
0.058058058058058054 108.46417380387825
0.05905905905905906 110.05775381325769
0.06006006006006006 109.22581471502049
0.06106106106106106 109.12895749769909
0.062062062062062065 105.96852130671151
0.06306306306306306 105.10005959240011
0.06406406406406406 105.51206529133921
0.06506506506506507 108.24098875278243
0.06606606606606606 107.61893858899272
0.06706706706706707 107.44761873053008
0.06806806806806806 107.47490767008205
0.06906906906906907 107.98072167598424
0.07007007007007007 108.31807097091946
0.07107107107107107 107.82727184286477
0.07207207207207207 109.55074330619072
0.07307307307307308 109.87658406880274
0.07407407407407407 109.61157834908593
0.07507507507507508 108.05815654015284
0.07607607607607608 108.67834429422027
0.07707707707707707 107.8712740565845
0.07807807807807808 109.18782179768654
0.07907907907907907 107.89197377143302
0.08008008008008008 106.69486798532517
0.08108108108108109 106.84757994698151
0.08208208208208208 107.61432520003613
0.08308308308308308 109.71463083081707
0.08408408408408408 111.06621524680762
0.08508508508508508 110.58018538466806
0.08608608608608609 111.93344210731809
0.08708708708708708 113.16954417801192
0.08808808808808809 113.83745071475678
0.0890890890890891 114.53006382283235
0.09009009009009009 111.6956902419938
0.09109109109109109 112.09849524590268
0.0920920920920921 110.53776342195543
0.09309309309309309 109.19565640316539
0.0940940940940941 109.58001840287513
0.09509509509509509 108.5560500180514
0.0960960960960961 108.56535892556278
0.0970970970970971 107.71244481796371
0.0980980980980981 106.45372058933391
0.0990990990990991 107.18716904307163
0.10010010010010009 108.38112501287016
0.1011011011011011 108.49204571840605
0.1021021021021021 110.12051744489551
0.1031031031031031 112.40273890448006
0.1041041041041041 111.99100014642151
0.10510510510510511 113.04754695437887
0.1061061061061061 112.72228788527953
0.10710710710710711 109.62274139850325
0.10810810810810811 110.04320557108196
0.1091091091091091 108.5479051341277
0.11011011011011011 109.54132738256291
0.1111111111111111 109.04967580765182
0.11211211211211211 109.1475198079916
0.11311311311311312 108.71533294647976
0.11411411411411411 109.20608349835072
0.11511511511511512 110.94129297716164
0.11611611611611611 111.30236898882937
0.11711711711711711 113.82293261568454
0.11811811811811812 115.19976629560873
0.11911911911911911 115.78725686846764
0.12012012012012012 117.3995534339925
0.12112112112112113 119.70009489490754
0.12212212212212212 118.75558152808742
0.12312312312312312 118.83229296758621
0.12412412412412413 116.8929642120786
0.12512512512512514 117.37785415451665
0.12612612612612611 117.33072474865892
0.12712712712712712 114.79180691616382
0.12812812812812813 113.79783044602169
0.12912912912912913 115.09629183915222
0.13013013013013014 112.52816128029616
0.13113113113113112 113.47232148116687
0.13213213213213212 113.25830750069017
0.13313313313313313 116.02678937572377
0.13413413413413414 116.3165762349115
0.13513513513513514 115.01728306370275
0.13613613613613612 113.54564627324304
0.13713713713713713 111.92480640404513
0.13813813813813813 113.22018458771183
0.13913913913913914 114.10816573762315
0.14014014014014015 113.27728428824504
0.14114114114114115 115.13648783786381
0.14214214214214213 117.26164288845095
0.14314314314314314 116.3199368505077
0.14414414414414414 119.18420375674039
0.14514514514514515 118.41887201642966
0.14614614614614616 119.18471310252711
0.14714714714714713 121.1025854496667
0.14814814814814814 121.32120288073126
0.14914914914914915 121.47674372408346
0.15015015015015015 118.65635167657433
0.15115115115115116 117.72903038629177
0.15215215215215216 118.48344743139882
0.15315315315315314 119.28118771927764
0.15415415415415415 120.06714640494832
0.15515515515515516 119.50882901503647
0.15615615615615616 117.44842926154574
0.15715715715715717 116.67091141038695
0.15815815815815815 118.39752888506108
0.15915915915915915 117.90083339392274
0.16016016016016016 117.4400008574988
0.16116116116116116 115.75595891072342
0.16216216216216217 117.22576656212402
0.16316316316316315 115.5882059630987
0.16416416416416416 116.51529033489783
0.16516516516516516 115.55602341846301
0.16616616616616617 113.72382688834747
0.16716716716716717 111.63236954596186
0.16816816816816815 111.84649285927046
0.16916916916916916 111.2187785252426
0.17017017017017017 111.7162501248533
0.17117117117117117 109.88953320049923
0.17217217217217218 107.86279927476924
0.17317317317317318 108.8772967979167
0.17417417417417416 108.23724160311002
0.17517517517517517 107.42000157964716
0.17617617617617617 107.69145864805981
0.17717717717717718 107.1656975870641
0.1781781781781782 107.02195228848235
0.17917917917917917 108.49674937416117
0.18018018018018017 107.47278010281356
0.18118118118118118 107.61303925053612
0.18218218218218218 109.86985091988386
0.1831831831831832 111.04175694424167
0.1841841841841842 111.9308501100223
0.18518518518518517 113.44364196283426
0.18618618618618618 112.77810507472523
0.1871871871871872 113.20200710171423
0.1881881881881882 112.07528609518356
0.1891891891891892 115.48834227601607
0.19019019019019018 117.35678665857048
0.19119119119119118 116.4624406260852
0.1921921921921922 118.64811284319609
0.1931931931931932 120.2987295832184
0.1941941941941942 119.59114007695442
0.19519519519519518 118.74523519280513
0.1961961961961962 120.32746017899692
0.1971971971971972 119.05931670619721
0.1981981981981982 119.22663752442801
0.1991991991991992 118.22459204879524
0.20020020020020018 115.00305909783005
0.2012012012012012 116.32900714940952
0.2022022022022022 116.27041843914509
0.2032032032032032 115.64045862640225
0.2042042042042042 113.06644155239879
0.20520520520520522 111.63692250814091
0.2062062062062062 111.50381091525853
0.2072072072072072 111.09236165296605
0.2082082082082082 111.56053741266501
0.2092092092092092 111.15202043980261
0.21021021021021022 110.23803399443452
0.2112112112112112 112.87657737326984
0.2122122122122122 115.77575599781225
0.2132132132132132 115.93879426447093
0.21421421421421422 118.03904621495596
0.21521521521521522 119.06337476925691
0.21621621621621623 123.27545976771312
0.2172172172172172 123.15221056533514
0.2182182182182182 122.62162517618751
0.21921921921921922 122.12486738085127
0.22022022022022023 122.24020155477388
0.22122122122122123 122.26626553749533
0.2222222222222222 123.04999375670279
0.22322322322322322 121.34948032795793
0.22422422422422422 121.33272554780258
0.22522522522522523 120.13681098655337
0.22622622622622623 120.79857246741415
0.2272272272272272 122.68873814349823
0.22822822822822822 124.34406377456972
0.22922922922922923 126.40630565779678
0.23023023023023023 128.434177751399
0.23123123123123124 126.9761654374256
0.23223223223223222 124.85279899135317
0.23323323323323322 125.58498420784223
0.23423423423423423 125.83301172530871
0.23523523523523523 129.51470440048212
0.23623623623623624 128.5320320137139
0.23723723723723725 128.06127270870374
0.23823823823823823 127.841400460552
0.23923923923923923 127.49759039217452
0.24024024024024024 127.6169681300248
0.24124124124124124 127.52604518447852
0.24224224224224225 127.64073378890774
0.24324324324324323 131.7719280150209
0.24424424424424424 133.4893979898777
0.24524524524524524 134.0031518399755
0.24624624624624625 133.0012867458998
0.24724724724724725 130.69924254699183
0.24824824824824826 132.36117402508052
0.24924924924924924 133.10776375756166
0.2502502502502503 134.8940041641183
0.25125125125125125 135.39535495949485
0.25225225225225223 139.94651116451382
0.25325325325325326 140.07458584899263
0.25425425425425424 140.45701865499333
0.2552552552552553 143.49712462381746
0.25625625625625625 142.24709505684646
0.25725725725725723 141.08110853540887
0.25825825825825827 141.986441830441
0.25925925925925924 141.33514724825633
0.2602602602602603 143.51611005604545
0.26126126126126126 144.38117981961602
0.26226226226226224 144.1116237345472
0.26326326326326327 142.03366004312554
0.26426426426426425 140.06225744385327
0.2652652652652653 141.1477522293684
0.26626626626626626 145.11726274806378
0.26726726726726724 145.54692906542152
0.2682682682682683 144.2134495307088
0.26926926926926925 143.19265977219933
0.2702702702702703 143.8236231026873
0.27127127127127126 142.97746228127656
0.27227227227227224 142.52823905723312
0.2732732732732733 143.7496360716191
0.27427427427427425 144.14482555774669
0.2752752752752753 143.3357327752684
0.27627627627627627 142.5272341310522
0.2772772772772773 143.7384622570679
0.2782782782782783 141.14617347186373
0.27927927927927926 141.5275206816446
0.2802802802802803 141.2177776601407
0.28128128128128127 139.65646763264866
0.2822822822822823 139.0171916942517
0.2832832832832833 141.28468764565804
0.28428428428428426 138.84368529633824
0.2852852852852853 137.2522729255076
0.2862862862862863 138.36019825258577
0.2872872872872873 139.1381414883155
0.2882882882882883 140.60074944269215
0.28928928928928926 139.8362603533662
0.2902902902902903 141.42694665352707
0.2912912912912913 142.14729714117476
0.2922922922922923 142.70285232941308
0.2932932932932933 143.6818761288069
0.29429429429429427 145.13765432008313
0.2952952952952953 145.59640907629452
0.2962962962962963 146.2735173867444
0.2972972972972973 148.50648000548074
0.2982982982982983 148.08053032287188
0.29929929929929927 150.2032196311231
0.3003003003003003 149.01877685030666
0.3013013013013013 148.88847333926077
0.3023023023023023 150.66694127725077
0.3033033033033033 148.63370593500187
0.30430430430430433 148.76371531511373
0.3053053053053053 144.88128486811365
0.3063063063063063 145.7291794940228
0.3073073073073073 143.57068269464048
0.3083083083083083 142.05128316977098
0.30930930930930933 139.57540758915056
0.3103103103103103 140.73786808209888
0.3113113113113113 141.25887709214805
0.3123123123123123 141.9508653607983
0.3133133133133133 139.8588688959215
0.31431431431431434 139.0485491358996
0.3153153153153153 142.4993115041099
0.3163163163163163 140.28284281832063
0.3173173173173173 140.74888178826293
0.3183183183183183 144.82163629905386
0.31931931931931934 144.24367895853635
0.3203203203203203 142.20335439793203
0.3213213213213213 142.87309434237505
0.32232232232232233 142.34758029184934
0.3233233233233233 141.1355820016187
0.32432432432432434 138.24105098132978
0.3253253253253253 142.1893381797881
0.3263263263263263 146.38064613911808
0.32732732732732733 147.12530202125498
0.3283283283283283 150.75267768760446
0.32932932932932935 149.5117800316198
0.3303303303303303 149.33128704765443
0.3313313313313313 149.71689146307318
0.33233233233233234 151.44932358964422
0.3333333333333333 153.42104507000082
0.33433433433433435 150.58146894766583
0.3353353353353353 150.6215794004266
0.3363363363363363 152.29303674188364
0.33733733733733734 152.1989009213834
0.3383383383383383 152.2456204793912
0.33933933933933935 155.95777218558413
0.34034034034034033 156.19586812809666
0.34134134134134136 157.39010987951158
0.34234234234234234 157.8114794663258
0.3433433433433433 154.45226960858136
0.34434434434434436 154.42707758694584
0.34534534534534533 155.8821807656573
0.34634634634634637 160.0228892827646
0.34734734734734735 156.19476939379388
0.3483483483483483 155.59576265934288
0.34934934934934936 154.99282307862225
0.35035035035035034 156.39576805752648
0.35135135135135137 157.54285000691817
0.35235235235235235 159.64902799528414
0.3533533533533533 159.1355478996385
0.35435435435435436 161.68961044868576
0.35535535535535534 161.70976203255378
0.3563563563563564 161.41458797674767
0.35735735735735735 162.35521917707894
0.35835835835835833 163.10149948326392
0.35935935935935936 161.85708138144278
0.36036036036036034 162.08754408172553
0.3613613613613614 158.72521285973428
0.36236236236236236 157.86980047252578
0.36336336336336333 160.4059738329936
0.36436436436436437 163.39466057272907
0.36536536536536535 162.40391772448112
0.3663663663663664 158.9390065696672
0.36736736736736736 157.37988552611338
0.3683683683683684 158.47105163666083
0.36936936936936937 161.97544003782198
0.37037037037037035 163.1757233769048
0.3713713713713714 165.1821631728656
0.37237237237237236 162.2992796196075
0.3733733733733734 167.499371896575
0.3743743743743744 168.24284749604905
0.37537537537537535 170.54231332845728
0.3763763763763764 172.04184372583032
0.37737737737737737 170.4380575036692
0.3783783783783784 172.4058462084284
0.3793793793793794 172.91596970234477
0.38038038038038036 172.7550935013214
0.3813813813813814 176.28216038950575
0.38238238238238237 179.26890857776456
0.3833833833833834 177.79338911737452
0.3843843843843844 179.27756769276223
0.38538538538538536 181.73555146795633
0.3863863863863864 183.9669840225439
0.38738738738738737 180.4793482994604
0.3883883883883884 179.18956890437966
0.3893893893893894 181.81611282241295
0.39039039039039036 185.7695760232432
0.3913913913913914 184.0774922517611
0.3923923923923924 184.48856318549772
0.3933933933933934 184.33319294746528
0.3943943943943944 186.57549724436737
0.39539539539539537 189.23122413137042
0.3963963963963964 189.62464890638574
0.3973973973973974 188.66360241178947
0.3983983983983984 188.24944281518896
0.3993993993993994 188.08832591525703
0.40040040040040037 191.46281003036458
0.4014014014014014 190.9188613799514
0.4024024024024024 191.8879132211852
0.4034034034034034 193.348316559124
0.4044044044044044 193.86391858955568
0.40540540540540543 191.12140486460115
0.4064064064064064 193.67984646375123
0.4074074074074074 191.58344197413854
0.4084084084084084 190.2596857096736
0.4094094094094094 192.41569818295747
0.41041041041041043 194.37499171631444
0.4114114114114114 197.749566334475
0.4124124124124124 199.08437617465353
0.4134134134134134 202.53874342020836
0.4144144144144144 199.18342448323884
0.41541541541541543 198.40794258573675
0.4164164164164164 196.97730070763149
0.4174174174174174 194.93651092935252
0.4184184184184184 190.12575695413383
0.4194194194194194 190.16406445814334
0.42042042042042044 187.4677386745388
0.4214214214214214 186.5032741350322
0.4224224224224224 184.08099580226926
0.42342342342342343 183.2756722645201
0.4244244244244244 182.9373898585829
0.42542542542542544 185.4691917147205
0.4264264264264264 183.93625345933282
0.4274274274274274 181.49421892215025
0.42842842842842843 180.7230158454088
0.4294294294294294 180.37971070438894
0.43043043043043044 179.8235077112785
0.4314314314314314 176.40601719656544
0.43243243243243246 176.45044625665855
0.43343343343343343 173.5350215642351
0.4344344344344344 174.287294665188
0.43543543543543545 173.2698759066417
0.4364364364364364 177.064569871462
0.43743743743743746 173.9874395605711
0.43843843843843844 173.2313995165708
0.4394394394394394 170.63943791320213
0.44044044044044045 173.93016149583465
0.44144144144144143 173.40866236850238
0.44244244244244246 171.9908394118742
0.44344344344344344 168.3589541070285
0.4444444444444444 170.16458363164688
0.44544544544544545 171.0193440407757
0.44644644644644643 172.5334742681318
0.44744744744744747 175.61167093685225
0.44844844844844844 174.41387633995615
0.4494494494494494 174.0366298090533
0.45045045045045046 171.40795173284053
0.45145145145145144 174.9340926587042
0.45245245245245247 173.44600232846773
0.45345345345345345 175.29633140345035
0.4544544544544544 174.23343801642872
0.45545545545545546 176.62102408145932
0.45645645645645644 174.16096361464113
0.4574574574574575 176.21645767938364
0.45845845845845845 175.60973788861736
0.45945945945945943 173.67143739834
0.46046046046046046 175.99488411023114
0.46146146146146144 172.66419180526952
0.4624624624624625 174.73812371240598
0.46346346346346345 178.0097894524251
0.46446446446446443 176.444537185031
0.46546546546546547 178.48324880587575
0.46646646646646645 178.86631675386423
0.4674674674674675 179.47458075692848
0.46846846846846846 180.0081289316372
0.4694694694694695 177.94565806274858
0.47047047047047047 177.98607769232441
0.47147147147147145 178.95822858487
0.4724724724724725 178.80073792060907
0.47347347347347346 181.22846312341176
0.4744744744744745 180.2393103669409
0.4754754754754755 180.981685662273
0.47647647647647645 181.0745769128042
0.4774774774774775 180.65125091592122
0.47847847847847846 181.2911986611059
0.4794794794794795 179.9748282936916
0.4804804804804805 181.44942415509695
0.48148148148148145 184.82355443172904
0.4824824824824825 184.81570588447855
0.48348348348348347 183.6637226910126
0.4844844844844845 182.84653074913297
0.4854854854854855 185.92194251193084
0.48648648648648646 186.5724356211015
0.4874874874874875 183.1973453088149
0.48848848848848847 181.8105595272287
0.4894894894894895 181.2278127409712
0.4904904904904905 181.5063919820747
0.49149149149149146 180.1458669739564
0.4924924924924925 180.46585245283765
0.4934934934934935 182.85668575509675
0.4944944944944945 181.55330159585213
0.4954954954954955 180.13133141315407
0.4964964964964965 179.31326581667335
0.4974974974974975 179.4913378645204
0.4984984984984985 181.19651196063737
0.4994994994994995 180.86099394552306
0.5005005005005005 178.15589271576826
0.5015015015015015 175.9138716945136
0.5025025025025025 175.60337988733656
0.5035035035035035 174.98640414517746
0.5045045045045045 175.80819949425842
0.5055055055055055 174.6786323036796
0.5065065065065065 176.49224041111165
0.5075075075075075 174.95370416292639
0.5085085085085085 176.17716003452853
0.5095095095095095 176.8803116549604
0.5105105105105106 175.76504156859795
0.5115115115115115 178.08474073006155
0.5125125125125125 178.96375438776275
0.5135135135135135 179.7547583088572
0.5145145145145145 184.23963166237016
0.5155155155155156 187.84898843094277
0.5165165165165165 188.64894638530774
0.5175175175175175 191.0296829890156
0.5185185185185185 191.23060684158457
0.5195195195195195 192.58821745865987
0.5205205205205206 194.41305216611275
0.5215215215215215 191.81173145995155
0.5225225225225225 191.27883317946575
0.5235235235235235 191.77028982640172
0.5245245245245245 187.43495677317125
0.5255255255255256 188.13920395103324
0.5265265265265265 189.74637867537203
0.5275275275275275 191.46208422497412
0.5285285285285285 187.38440685843085
0.5295295295295295 187.19801135639054
0.5305305305305306 188.50676686159304
0.5315315315315315 191.59491032968026
0.5325325325325325 187.91120962648168
0.5335335335335335 185.24596247728525
0.5345345345345345 184.13491655722996
0.5355355355355356 185.12160869154044
0.5365365365365365 185.70482893494986
0.5375375375375375 186.4770395460667
0.5385385385385385 187.0370653647546
0.5395395395395395 187.4965714125369
0.5405405405405406 187.17203639971027
0.5415415415415415 183.9945963304107
0.5425425425425425 183.4456246468561
0.5435435435435435 182.71634701378647
0.5445445445445445 182.89259095574732
0.5455455455455456 179.33134767285685
0.5465465465465466 180.42700253666538
0.5475475475475475 176.74470804039592
0.5485485485485485 176.59545678901156
0.5495495495495496 181.47381461292406
0.5505505505505506 182.9841515577846
0.5515515515515516 183.26459056757895
0.5525525525525525 184.07248619077637
0.5535535535535535 187.13009209688784
0.5545545545545546 184.10402944571342
0.5555555555555556 182.9793273769669
0.5565565565565566 184.261924290021
0.5575575575575575 186.92752804121866
0.5585585585585585 184.7574293995586
0.5595595595595596 188.93038960305543
0.5605605605605606 190.0776152335723
0.5615615615615616 189.85113062977584
0.5625625625625625 189.61182397179707
0.5635635635635635 188.8229657134354
0.5645645645645646 189.66006543142302
0.5655655655655656 192.6855263852194
0.5665665665665666 191.6655358056843
0.5675675675675675 189.16191355268936
0.5685685685685685 189.51627405647847
0.5695695695695696 190.92293753640993
0.5705705705705706 195.3320374979089
0.5715715715715716 193.79344234690154
0.5725725725725725 192.1594157065066
0.5735735735735735 190.30606978923728
0.5745745745745746 196.36169539799863
0.5755755755755756 197.03035870450674
0.5765765765765766 195.95938349325377
0.5775775775775776 192.8069618089261
0.5785785785785785 192.96579574232393
0.5795795795795796 192.619290241063
0.5805805805805806 191.28726385229712
0.5815815815815816 193.54522887317646
0.5825825825825826 191.7267563252869
0.5835835835835835 190.0900496580706
0.5845845845845846 192.1704549056078
0.5855855855855856 193.3080698441486
0.5865865865865866 193.12590119567355
0.5875875875875876 192.4199789810245
0.5885885885885885 193.35475015588534
0.5895895895895896 192.26592245327802
0.5905905905905906 191.58479307908408
0.5915915915915916 191.01981192107306
0.5925925925925926 190.00347175841043
0.5935935935935935 190.08723863781225
0.5945945945945946 192.0706156414975
0.5955955955955956 194.16674720058498
0.5965965965965966 191.53062453389836
0.5975975975975976 190.83716771053008
0.5985985985985985 189.92575693260227
0.5995995995995996 188.71337622957614
0.6006006006006006 186.9720478150844
0.6016016016016016 185.06410761283811
0.6026026026026026 183.94803291808466
0.6036036036036035 185.40278041086628
0.6046046046046046 186.84708261914105
0.6056056056056056 186.01110130679066
0.6066066066066066 187.46035917911797
0.6076076076076076 184.85780593897226
0.6086086086086087 184.27650977869234
0.6096096096096096 183.50998704613127
0.6106106106106106 183.17156657715344
0.6116116116116116 182.12311502880488
0.6126126126126126 182.04516655125107
0.6136136136136137 178.16710139636575
0.6146146146146146 176.56881972372202
0.6156156156156156 175.5590686837875
0.6166166166166166 176.06304214722496
0.6176176176176176 173.42317787943554
0.6186186186186187 174.48998648891182
0.6196196196196196 174.61439235812693
0.6206206206206206 170.13482108817374
0.6216216216216216 170.72099653140293
0.6226226226226226 169.83535603269866
0.6236236236236237 168.01990717612074
0.6246246246246246 168.4863537234101
0.6256256256256256 172.80745893876062
0.6266266266266266 175.77611607150212
0.6276276276276276 177.35525901271794
0.6286286286286287 172.9680028488574
0.6296296296296297 171.3342192880158
0.6306306306306306 167.65079521544075
0.6316316316316316 171.45429928057345
0.6326326326326326 173.22433131482163
0.6336336336336337 169.94527899300428
0.6346346346346347 169.77070971137402
0.6356356356356356 170.27723174174773
0.6366366366366366 169.4418682481076
0.6376376376376376 168.8506821111476
0.6386386386386387 167.56954086586043
0.6396396396396397 171.52292727123853
0.6406406406406406 172.66025361268504
0.6416416416416416 172.7778140166443
0.6426426426426426 172.02779754504232
0.6436436436436437 174.16542378561616
0.6446446446446447 175.39468834998988
0.6456456456456456 175.6203504360912
0.6466466466466466 172.75883620232617
0.6476476476476476 171.31767080211966
0.6486486486486487 171.614834453986
0.6496496496496497 177.1367952178223
0.6506506506506506 175.38230538832926
0.6516516516516516 176.01520578342448
0.6526526526526526 178.3253203794682
0.6536536536536537 179.5214644199146
0.6546546546546547 178.33581557498724
0.6556556556556556 180.85659590090756
0.6566566566566566 176.8837729927151
0.6576576576576576 180.92803902917038
0.6586586586586587 178.72438860741875
0.6596596596596597 178.6047674883291
0.6606606606606606 180.64128960777686
0.6616616616616616 178.24247637715953
0.6626626626626626 179.47792196298244
0.6636636636636637 177.22966071087234
0.6646646646646647 171.3096290205213
0.6656656656656657 172.99640662528876
0.6666666666666666 170.42035502945487
0.6676676676676676 165.2576267152088
0.6686686686686687 166.4274745015548
0.6696696696696697 168.30502346046737
0.6706706706706707 167.19176477671974
0.6716716716716716 166.63737835435606
0.6726726726726726 164.95130360455653
0.6736736736736737 165.46821836885334
0.6746746746746747 162.92152962133255
0.6756756756756757 163.67673407561333
0.6766766766766766 160.23037086280087
0.6776776776776777 159.39776091342475
0.6786786786786787 158.3063651633214
0.6796796796796797 159.4996029749612
0.6806806806806807 155.78350024811738
0.6816816816816816 157.88253817926332
0.6826826826826827 155.19847128994417
0.6836836836836837 156.15106597615292
0.6846846846846847 155.42984765911922
0.6856856856856857 155.84249280507217
0.6866866866866866 157.99768717037034
0.6876876876876877 157.82123478937382
0.6886886886886887 157.0151671769379
0.6896896896896897 156.07853575147863
0.6906906906906907 156.42218488998776
0.6916916916916916 157.08574068845837
0.6926926926926927 158.69017486699474
0.6936936936936937 156.81857476632874
0.6946946946946947 158.14447295024664
0.6956956956956957 158.63424142608122
0.6966966966966966 158.2455217434037
0.6976976976976977 159.9473726427202
0.6986986986986987 158.78616769202623
0.6996996996996997 158.25131434234814
0.7007007007007007 159.21556378276853
0.7017017017017017 157.66981955497877
0.7027027027027027 160.44310897486642
0.7037037037037037 166.58211563676545
0.7047047047047047 168.6255172752349
0.7057057057057057 167.05290872898996
0.7067067067067067 166.95954261004226
0.7077077077077077 167.65995127030246
0.7087087087087087 170.66752523978653
0.7097097097097097 170.15412616446505
0.7107107107107107 169.7449707036769
0.7117117117117117 170.71706415221584
0.7127127127127127 173.86866919633795
0.7137137137137137 173.25345897560766
0.7147147147147147 168.6539362214954
0.7157157157157157 169.23228961848025
0.7167167167167167 169.84671174345763
0.7177177177177178 168.67316160983432
0.7187187187187187 167.72003688875571
0.7197197197197197 167.60439366508223
0.7207207207207207 169.1431479826027
0.7217217217217217 169.58382350472598
0.7227227227227228 169.35582788462364
0.7237237237237237 172.07289755204047
0.7247247247247247 169.66257159268483
0.7257257257257257 168.86074148861005
0.7267267267267267 168.53742570350852
0.7277277277277278 169.18527452494848
0.7287287287287287 166.1893974019561
0.7297297297297297 166.97126990900173
0.7307307307307307 165.45360780771554
0.7317317317317317 166.9113887934481
0.7327327327327328 168.41822537570866
0.7337337337337337 166.63855779141346
0.7347347347347347 165.28457640867737
0.7357357357357357 164.74195292207946
0.7367367367367368 166.09771234638072
0.7377377377377378 164.73803113025494
0.7387387387387387 168.13172190378916
0.7397397397397397 164.91493285872238
0.7407407407407407 162.43064804021125
0.7417417417417418 163.94637288801212
0.7427427427427428 159.32385713106132
0.7437437437437437 157.79191445788686
0.7447447447447447 158.7395786731276
0.7457457457457457 161.81037227165197
0.7467467467467468 161.05232987122258
0.7477477477477478 161.87293151233834
0.7487487487487487 164.67211156500804
0.7497497497497497 163.227525361611
0.7507507507507507 162.93777800080264
0.7517517517517518 161.10868687865963
0.7527527527527528 161.44930118082243
0.7537537537537538 162.46570997022098
0.7547547547547547 161.2472517756136
0.7557557557557557 160.83795032919082
0.7567567567567568 158.22415704331962
0.7577577577577578 156.45320930498622
0.7587587587587588 155.05090376455675
0.7597597597597597 155.8744007239909
0.7607607607607607 154.11811055251366
0.7617617617617618 156.3114941672594
0.7627627627627628 159.40916511068315
0.7637637637637638 160.7968524396348
0.7647647647647647 157.79118903529812
0.7657657657657657 157.77416505168088
0.7667667667667668 155.15495920115114
0.7677677677677678 157.47207407721243
0.7687687687687688 153.9500058807966
0.7697697697697697 152.94773203456407
0.7707707707707707 151.81166818122992
0.7717717717717718 149.44777656851952
0.7727727727727728 150.44980682725924
0.7737737737737738 151.8647189603437
0.7747747747747747 150.35754720672344
0.7757757757757757 146.34138493580096
0.7767767767767768 146.51842050843828
0.7777777777777778 145.73911367333085
0.7787787787787788 147.08775194798105
0.7797797797797797 146.46914800527273
0.7807807807807807 144.94841156318643
0.7817817817817818 145.18879143374394
0.7827827827827828 144.4912846273013
0.7837837837837838 143.75845758740397
0.7847847847847848 147.6301000340335
0.7857857857857857 152.15827197293058
0.7867867867867868 154.58134467078978
0.7877877877877878 153.47859727383533
0.7887887887887888 153.16244817104842
0.7897897897897898 151.73174657507025
0.7907907907907907 151.48872415749037
0.7917917917917918 150.41637811312035
0.7927927927927928 150.57279080043287
0.7937937937937938 152.33260963396646
0.7947947947947948 150.04242295056378
0.7957957957957957 153.1738946656648
0.7967967967967968 152.60480553520807
0.7977977977977978 150.7033883910458
0.7987987987987988 150.4381768529024
0.7997997997997998 154.0556736505061
0.8008008008008007 154.0704334212719
0.8018018018018018 153.7797369956892
0.8028028028028028 152.3457524585162
0.8038038038038038 154.1577036773842
0.8048048048048048 154.58655791605767
0.8058058058058059 150.31454363111916
0.8068068068068068 148.1132433838555
0.8078078078078078 149.6866329608049
0.8088088088088088 152.73310661829802
0.8098098098098098 147.93280273976904
0.8108108108108109 146.78197271947153
0.8118118118118118 149.2159853351874
0.8128128128128128 150.7786879665273
0.8138138138138138 154.61628308939527
0.8148148148148148 156.43378211027954
0.8158158158158159 158.3902728140796
0.8168168168168168 159.1354521414067
0.8178178178178178 160.51529778698543
0.8188188188188188 161.5563773660545
0.8198198198198198 161.00099112075145
0.8208208208208209 158.2823670641465
0.8218218218218218 156.65677788216593
0.8228228228228228 161.31986127104437
0.8238238238238238 165.1945983389315
0.8248248248248248 164.16397462492174
0.8258258258258259 161.65009068464312
0.8268268268268268 161.85493451916528
0.8278278278278278 163.42554078747236
0.8288288288288288 163.11586356270658
0.8298298298298298 163.98431889763478
0.8308308308308309 165.30737078541645
0.8318318318318318 167.0021991892682
0.8328328328328328 167.91943097965554
0.8338338338338338 167.49939468003777
0.8348348348348348 167.35377791842419
0.8358358358358359 166.70172808509773
0.8368368368368369 167.04433865497808
0.8378378378378378 167.62670769935565
0.8388388388388388 167.3476597938732
0.8398398398398398 169.38421097436805
0.8408408408408409 168.7456934588596
0.8418418418418419 169.6299110960303
0.8428428428428428 166.38912739493892
0.8438438438438438 167.591122506163
0.8448448448448448 169.89139581803278
0.8458458458458459 169.6974827898957
0.8468468468468469 170.0242098387799
0.8478478478478478 170.5518186604892
0.8488488488488488 168.60115045628845
0.8498498498498498 168.8229342957246
0.8508508508508509 165.2320644550781
0.8518518518518519 168.53626573870403
0.8528528528528528 165.325804203904
0.8538538538538538 165.5587187399769
0.8548548548548548 166.13013526201632
0.8558558558558559 166.6331333673189
0.8568568568568569 164.37884409303848
0.8578578578578578 164.34222296522415
0.8588588588588588 162.5620356286008
0.8598598598598598 161.02347213932532
0.8608608608608609 160.2113449110109
0.8618618618618619 160.25882406485783
0.8628628628628628 162.2992281702976
0.8638638638638638 159.9597339726438
0.8648648648648649 154.81327470184743
0.8658658658658659 157.66247243488698
0.8668668668668669 156.38932812698584
0.8678678678678678 155.2873888819464
0.8688688688688688 153.24864836034212
0.8698698698698699 154.08105731691242
0.8708708708708709 154.22946056196514
0.8718718718718719 153.11363454087305
0.8728728728728729 153.90497940835874
0.8738738738738738 155.11203091280095
0.8748748748748749 152.49984553230706
0.8758758758758759 153.9800358378097
0.8768768768768769 155.11234856579162
0.8778778778778779 154.5166312031567
0.8788788788788788 155.35460397448423
0.8798798798798799 156.57699246196788
0.8808808808808809 156.10961872780777
0.8818818818818819 154.53797981370553
0.8828828828828829 156.30386715397498
0.8838838838838838 156.8743436534975
0.8848848848848849 155.1565992653419
0.8858858858858859 155.10910218873988
0.8868868868868869 155.7570651867588
0.8878878878878879 155.72434891764405
0.8888888888888888 153.71459549613408
0.8898898898898899 153.07468670469478
0.8908908908908909 153.92085194805003
0.8918918918918919 149.78026892636046
0.8928928928928929 147.04823294609238
0.8938938938938938 142.0609364650029
0.8948948948948949 143.3042215129588
0.8958958958958959 145.0363779431077
0.8968968968968969 144.35717055340146
0.8978978978978979 146.2286630575256
0.8988988988988988 149.1914322435956
0.8998998998998999 147.8194600996431
0.9009009009009009 150.03459063433954
0.9019019019019019 151.75988175934378
0.9029029029029029 151.2213654087464
0.9039039039039038 153.07089603993057
0.9049049049049049 150.93904375567786
0.9059059059059059 150.73531069866732
0.9069069069069069 150.84988037442253
0.9079079079079079 149.84470430118915
0.9089089089089089 150.87353770841682
0.9099099099099099 148.7684838607437
0.9109109109109109 149.3450272597864
0.9119119119119119 150.65578334786704
0.9129129129129129 150.85422245690924
0.9139139139139139 150.06870639410008
0.914914914914915 153.15083811577716
0.9159159159159159 153.8267057583848
0.9169169169169169 153.79782676481358
0.9179179179179179 156.01250894828559
0.9189189189189189 155.52744100084698
0.91991991991992 154.8256451519734
0.9209209209209209 157.21155107124915
0.9219219219219219 156.7416334527419
0.9229229229229229 155.5801479186127
0.9239239239239239 157.3769453517735
0.924924924924925 156.38407731954382
0.9259259259259259 157.2392589608568
0.9269269269269269 154.87348691875263
0.9279279279279279 155.92702241316306
0.9289289289289289 154.8320199482205
0.92992992992993 153.43356033199794
0.9309309309309309 151.0792311989183
0.9319319319319319 151.39661543258615
0.9329329329329329 153.61084977448127
0.933933933933934 153.31050744564268
0.934934934934935 151.85662104249232
0.9359359359359359 150.03707767303737
0.9369369369369369 149.04908914668425
0.9379379379379379 148.3480219726261
0.938938938938939 146.4908245002813
0.93993993993994 143.62724861841403
0.9409409409409409 143.73206430143344
0.9419419419419419 144.36570928988007
0.9429429429429429 142.81444808128776
0.943943943943944 142.06209357064728
0.944944944944945 144.2711722579358
0.9459459459459459 146.11987937158327
0.9469469469469469 148.78156986196274
0.9479479479479479 148.77735454907133
0.948948948948949 147.35881594347103
0.94994994994995 150.35968784730977
0.950950950950951 151.80429288628758
0.9519519519519519 147.07241257722077
0.9529529529529529 146.51626040310387
0.953953953953954 143.93266171714868
0.954954954954955 142.5506892374045
0.955955955955956 142.71495550521095
0.9569569569569569 143.1904584428775
0.9579579579579579 144.75174336438639
0.958958958958959 145.24708064523392
0.95995995995996 148.24266881368465
0.960960960960961 149.7991829868269
0.9619619619619619 148.6485066458326
0.9629629629629629 148.9129391899433
0.963963963963964 153.04666765553898
0.964964964964965 152.83279243668997
0.965965965965966 151.21030467552063
0.9669669669669669 150.1182203949625
0.9679679679679679 147.84564822039246
0.968968968968969 150.62393658307042
0.96996996996997 154.9837075880992
0.970970970970971 156.1263465650093
0.9719719719719719 152.25232978359912
0.9729729729729729 152.62953479933716
0.973973973973974 154.5129263188215
0.974974974974975 152.75724585776726
0.975975975975976 150.16027064283406
0.9769769769769769 148.83935197623748
0.9779779779779779 149.66142397642415
0.978978978978979 150.251579568349
0.97997997997998 152.2026128165523
0.980980980980981 155.22141801076853
0.9819819819819819 155.19840867480207
0.9829829829829829 157.28009823858065
0.983983983983984 158.29921562834622
0.984984984984985 157.55987167969468
0.985985985985986 156.06040815932857
0.986986986986987 158.47448198529244
0.9879879879879879 156.30666553514354
0.988988988988989 158.91133796851025
0.98998998998999 158.31256647330466
0.990990990990991 157.53926994083255
0.991991991991992 157.67269489580895
0.992992992992993 159.2309076959219
0.993993993993994 156.44245360375632
0.994994994994995 155.58905776894193
0.995995995995996 155.32470717278207
0.996996996996997 155.90549693974495
0.997997997997998 154.8501994306434
0.998998998998999 151.69084210674492
1.0 150.66995669238904
