t x call_price
0.0 100.0 22.309265795898106
0.001001001001001001 101.69727643860314 25.434622759438298
0.002002002002002002 101.03800881101287 22.856274266793015
0.003003003003003003 101.74946607983023 23.51043089675747
0.004004004004004004 102.87340488200131 24.280125031073805
0.005005005005005005 101.77364696260149 24.105297278872843
0.006006006006006006 103.36998167064077 25.669856332473397
0.007007007007007007 103.96425737155728 25.59945289256624
0.008008008008008008 104.51920135923248 26.585597088940023
0.009009009009009007 105.50856700866498 25.68420066880361
0.01001001001001001 105.2789153476956 25.91232558367899
0.011011011011011013 107.09891538764828 26.33147107676974
0.012012012012012012 106.38675585901592 27.77997983249643
0.013013013013013013 106.18149644942457 26.424045888171992
0.014014014014014014 105.833739973682 25.68050463844342
0.015015015015015015 104.95691048194729 26.047185268031104
0.016016016016016016 105.24282562510048 26.93772451860318
0.017017017017017015 105.03158637947945 26.88169402255482
0.018018018018018014 107.11521838622473 27.755720489861087
0.019019019019019017 106.33416395668283 27.51103083086375
0.02002002002002002 128.11198856154246 42.91849306529213
0.02102102102102102 130.04498877056298 44.02681141304879
0.022022022022022025 129.51858409597565 42.874093270179436
0.023023023023023025 130.08860334681592 43.2729926122922
0.024024024024024024 131.02019497786898 45.905868321589516
0.025025025025025027 128.45997406572545 41.02348563615704
0.026026026026026026 129.29422628374388 43.60270783413546
0.027027027027027032 129.16987502116888 43.98330878438365
0.028028028028028028 128.89846490095513 42.77122575279308
0.029029029029029024 132.60645193617248 47.83384266742031
0.03003003003003003 131.18927020783954 43.928112393089805
0.031031031031031032 132.82508195393223 46.35040051509716
0.03203203203203203 136.52389438581358 48.73473484134129
0.03303303303303303 136.84584925770127 49.05451703318075
0.03403403403403403 138.29078564207114 51.63409869063656
0.035035035035035036 139.25884817728831 50.72076290784461
0.036036036036036036 140.22058127886328 52.27219496658586
0.037037037037037035 139.86334720422724 53.239360664582435
0.038038038038038034 135.19471452215913 47.92365803591062
0.03903903903903904 136.3047772692644 45.93716589803789
0.04004004004004004 139.7045410566545 51.32182945925382
0.04104104104104104 137.44642563460914 50.05648324513113
0.04204204204204204 139.2923813138401 49.920585098081574
0.04304304304304304 141.53870285062942 51.889157336171124
0.04404404404404405 140.38602898752188 52.75111785260535
0.045045045045045036 139.40437612137694 54.29989239022207
0.04604604604604605 138.5309240781622 50.70771548357589
0.04704704704704705 136.81243111527857 48.72858278783103
0.04804804804804805 135.83993425689454 48.36461115359673
0.04904904904904905 134.91384183300028 47.25184601071933
0.05005005005005005 131.8038811701146 45.152043766805086
0.05105105105105105 134.89562642798666 46.7568451570975
0.05205205205205205 134.21602310084805 46.5108328828821
0.05305305305305305 135.47023173064585 48.34691278351462
0.054054054054054064 136.23634025669574 48.669049977175156
0.055055055055055056 135.61256516500524 48.87451678190259
0.056056056056056056 135.15867510567966 47.79601454181811
0.05705705705705705 134.59243671359118 46.94585087078149
0.05805805805805805 134.20442469701229 49.076962967452744
0.05905905905905906 133.0657208151743 45.56380429177675
0.06006006006006006 132.12118950263186 45.385511815901296
0.061061061061061066 130.08768482444825 43.47452118985945
0.06206206206206207 131.15737137024422 44.14723910603756
0.06306306306306306 127.88949284225106 40.88852211728921
0.06406406406406406 128.8078005080761 42.39661168434413
0.06506506506506507 128.001219479601 43.541920867632605
0.06606606606606606 129.1813227737278 43.85790991374094
0.06706706706706707 131.33426960085308 46.66909310668132
0.06806806806806806 130.03760100800108 42.038807874851905
0.06906906906906908 127.66762375146007 44.03538873102529
0.07007007007007007 127.36365722863876 41.90876765500053
0.07107107107107108 126.725762517507 41.11138089160879
0.07207207207207207 128.2973756879717 40.47887115422503
0.07307307307307308 129.00315459545644 41.2461213154892
0.07407407407407407 130.32871852282986 43.59398581248808
0.07507507507507508 131.04707030392998 44.866538939609946
0.07607607607607607 131.56406743521623 46.38692787665245
0.07707707707707707 134.32285082553028 44.97575747516646
0.07807807807807808 135.30854347426384 48.899036421906914
0.07907907907907907 133.5114394279083 45.14878322599092
0.08008008008008008 130.45037168573526 43.278450287166955
0.08108108108108109 130.54921976355237 43.14878442584078
0.08208208208208208 128.70559237511958 42.11651650938558
0.08308308308308307 126.54659734939821 40.12977912200766
0.08408408408408408 126.88437832354656 41.45791010968455
0.08508508508508507 129.21672350102796 41.515414438874664
0.08608608608608609 132.9122392348678 44.14908683618096
0.08708708708708708 131.75272048856823 43.81164366104177
0.08808808808808809 134.03019902009711 48.36485056255639
0.0890890890890891 134.03409271170983 46.24292530417253
0.09009009009009007 132.96707330304992 44.4845250812202
0.09109109109109108 131.62678391328686 42.11062016414433
0.0920920920920921 133.6403043024301 46.27469941940356
0.09309309309309308 136.27970664990215 50.48804183657466
0.0940940940940941 136.7896770238719 49.534426597404476
0.09509509509509508 137.38814753848445 48.91355394136215
0.0960960960960961 139.43196004593037 50.50116531873916
0.0970970970970971 139.19574782548622 50.3199598947325
0.0980980980980981 138.9770001569957 51.23169302281941
0.0990990990990991 139.33057816546415 50.3396297528759
0.10010010010010008 139.27312280209094 50.69202446859527
0.1011011011011011 141.71206776486392 51.78561122293667
0.1021021021021021 139.38229617863956 50.55769574363193
0.1031031031031031 139.33261000713077 50.041147742339646
0.1041041041041041 141.5786109890089 52.069545550266646
0.10510510510510512 142.60222108851642 52.790262320272824
0.1061061061061061 142.5286927259977 53.548374190964466
0.10710710710710712 142.3246436523714 51.98437732137003
0.10810810810810813 141.80074219700458 53.63847585231051
0.1091091091091091 142.91128719475776 54.73354060090775
0.11011011011011013 142.55206769912442 50.97483683488781
0.1111111111111111 144.87294539709129 54.63646554774531
0.11211211211211213 143.99424336856904 54.38391843180281
0.11311311311311313 137.9909947179972 48.50883525058897
0.11411411411411412 138.8511007385815 50.60374705967511
0.11511511511511513 136.93454543069691 49.03024582509636
0.11611611611611612 135.90859905356754 47.34594227748851
0.11711711711711713 136.0414717692023 48.096656937599924
0.11811811811811812 135.47717159524026 48.53138467435382
0.11911911911911913 136.08197286373223 48.98980989232753
0.12012012012012012 133.44097001370454 46.48002185805187
0.12112112112112113 135.37366154891183 48.16823900257046
0.12212212212212213 134.44376362784328 46.94098982808054
0.12312312312312312 134.40180970089799 48.02992268970486
0.12412412412412413 133.2782444227787 45.3705260124002
0.12512512512512514 132.11653737615742 43.606524300190664
0.12612612612612611 131.99225509436195 44.462195652254614
0.12712712712712712 130.97098256308658 43.53460178289364
0.12812812812812813 132.30354058504403 43.30037993830595
0.12912912912912913 130.93072254229105 42.04185712764941
0.13013013013013014 128.06018125788893 40.50810314536172
0.13113113113113112 127.04778402948297 41.604414172941254
0.13213213213213212 126.85678880883816 41.636844727182414
0.13313313313313313 127.72013902438536 41.11633568472803
0.13413413413413414 128.5812067404371 41.98338152396165
0.13513513513513514 129.06194338922032 41.286410920720755
0.13613613613613612 128.47015237668836 42.043957595776035
0.13713713713713713 129.96371172801747 42.101480521021294
0.13813813813813813 127.47128833978752 41.54830023942878
0.13913913913913914 130.163334060545 42.8470693829391
0.14014014014014015 128.50515204096777 43.32310208398561
0.14114114114114115 129.36983792855926 41.0052535831755
0.14214214214214213 130.3491147189873 42.84046658253214
0.14314314314314314 130.61766310288377 43.7357376011022
0.14414414414414414 131.46639878726174 43.73301450212973
0.14514514514514515 129.95689097999573 41.35783835612253
0.14614614614614616 130.5106215591385 42.100624964938326
0.14714714714714713 130.15559834274478 42.866145476003275
0.14814814814814814 130.77220134666348 41.81983590872652
0.14914914914914915 130.53922835550065 43.38815169666536
0.15015015015015015 130.12851709570128 43.28127810951714
0.15115115115115116 130.2238788394541 42.612676267920705
0.15215215215215214 131.49947965794865 43.578348435208945
0.15315315315315314 134.59135256877858 44.95627141537811
0.15415415415415415 133.1600186382729 44.05337364668773
0.15515515515515516 130.88883468706152 43.87632858040175
0.15615615615615616 130.22012840539327 41.64575592043269
0.15715715715715714 128.72711611301742 39.8737525717869
0.15815815815815815 128.2204205944616 43.55024185668333
0.15915915915915915 128.58088300596472 42.604146043750774
0.16016016016016016 128.31633663933354 40.95301912221941
0.16116116116116114 127.22552495137072 41.02115690106453
0.16216216216216214 129.05725410152738 41.375799167056456
0.16316316316316315 130.58687413000828 44.12808730837465
0.16416416416416416 130.918995398345 43.39448867030511
0.16516516516516516 129.7280107584758 43.09114430857669
0.16616616616616614 129.07767490194382 39.79596037732905
0.16716716716716715 129.6439578630336 41.264077673476145
0.16816816816816815 131.78675107416038 43.3195183350928
0.16916916916916916 133.77082545414066 45.064241179887404
0.17017017017017014 134.78390865349115 45.64893571299621
0.17117117117117114 136.9790128248868 47.04087004997186
0.17217217217217218 136.75360684884322 48.68829104187566
0.17317317317317318 137.40438263564766 46.61806067788609
0.17417417417417416 139.48881204914574 49.15256376871195
0.17517517517517514 137.35737769035458 47.64560413670525
0.17617617617617615 138.50160734113248 50.5962169198906
0.17717717717717718 139.6905244565738 49.49384504219042
0.1781781781781782 137.2476791675615 48.44436866610651
0.17917917917917914 137.19004502207113 48.1804639070597
0.18018018018018014 138.52823273051558 48.78509292716429
0.1811811811811812 138.86372086778894 48.00974503072443
0.18218218218218216 138.61956701856582 51.18632920020645
0.1831831831831832 139.72770257699392 50.05626922578135
0.1841841841841842 139.96163552616215 49.84380011166464
0.1851851851851852 142.3626146193415 52.02100164104653
0.18618618618618615 144.168173655554 54.78914580898799
0.1871871871871872 148.29127958487072 58.333907068548775
0.1881881881881882 146.236793590757 56.27615293776274
0.1891891891891892 144.58895201567847 54.34165682726755
0.19019019019019015 146.98286335359762 55.65267850293475
0.1911911911911912 145.62642446304267 55.304053063767284
0.1921921921921922 146.78616091274768 56.27823464591434
0.1931931931931932 145.97595022138933 56.586874961459195
0.1941941941941942 145.46453102140202 55.52032157903371
0.1951951951951952 144.3861296082591 55.369128270551094
0.1961961961961962 143.4507187609736 53.1442829751336
0.1971971971971972 141.92117081795192 52.455342532103394
0.1981981981981982 140.96931137968141 50.90705650496814
0.1991991991991992 142.52069809071702 54.96343968876764
0.20020020020020016 140.86722402563214 50.188912520767644
0.2012012012012012 139.1792552137278 48.80103864720267
0.2022022022022022 139.5746921546722 50.08495550325072
0.2032032032032032 137.4665176792632 47.732802678972085
0.2042042042042042 137.55787320714643 48.489119767998694
0.2052052052052052 136.35635538300738 47.376141371703405
0.2062062062062062 135.59084796159655 47.17663451121585
0.2072072072072072 136.30371767408278 47.80713319801589
0.2082082082082082 135.99310312459087 46.78058805476011
0.2092092092092092 136.68280284604512 50.30224188905736
0.21021021021021025 138.1621854149571 47.66900262633741
0.2112112112112112 140.6102620763973 51.278907997652105
0.2122122122122122 141.80401675388129 51.04748953533328
0.2132132132132132 139.18681018073428 50.23411179026269
0.21421421421421424 137.73638405432527 49.3808001476861
0.2152152152152152 136.41839494902018 47.298148649752335
0.21621621621621626 134.53135870952508 43.81873812301951
0.2172172172172172 133.61763392618744 44.17807416599907
0.2182182182182182 133.78806231702876 43.510221622451645
0.2192192192192192 134.60615748540087 44.74592484900801
0.22022022022022025 135.62564024544727 45.22843352355237
0.22122122122122126 132.5597324079751 45.19878464356881
0.2222222222222222 131.72980487729382 43.475743468043476
0.2232232232232232 132.55341959449677 42.01112112804626
0.22422422422422425 131.97624514631175 39.942133560803576
0.22522522522522526 132.3336435967198 43.25821831523147
0.22622622622622626 133.35591552785698 43.02446973812886
0.2272272272272272 132.62494256935508 42.57225789738227
0.22822822822822825 133.09772372022266 44.47949563187132
0.22922922922922925 133.68235925068785 46.20707012101855
0.23023023023023026 134.65657249857793 46.21984933411334
0.23123123123123124 134.11716851235158 45.56112511402029
0.23223223223223224 132.38292495128283 42.6528975020618
0.2332332332332332 132.7954329584567 43.79504675736075
0.23423423423423426 129.40864756189808 40.71798000639308
0.23523523523523526 128.1917450426031 38.74268150295569
0.23623623623623624 129.71202636850066 42.64344781481804
0.23723723723723725 129.43251318412044 40.85656129805994
0.23823823823823825 127.20748580816117 39.38587820196162
0.23923923923923926 127.74806821221014 39.88795531218855
0.24024024024024024 128.54503143153184 41.94525996536629
0.24124124124124124 129.08162521546018 40.397392863444715
0.24224224224224225 129.22333486077466 41.57236076585685
0.24324324324324326 130.78524348302284 42.6316380832972
0.24424424424424426 130.4462527032399 42.16549613945882
0.24524524524524524 130.8159765348467 40.90817821317245
0.24624624624624625 127.50232629141708 38.631095835511275
0.24724724724724725 128.23508146044378 40.8435516169256
0.24824824824824826 126.82911134732123 37.8733576218732
0.24924924924924924 127.62373110676491 39.71151597129606
0.2502502502502503 121.72180945087038 34.18486900843103
0.25125125125125125 122.25485296781888 33.18911455309868
0.25225225225225223 120.37078249900824 34.98021289774811
0.2532532532532533 120.35990338325838 33.67825492706809
0.25425425425425424 120.0548354207398 33.56129019805801
0.2552552552552553 118.18301200724774 32.184211317764124
0.25625625625625625 116.80539346498922 31.30945081306301
0.25725725725725723 117.56024104530054 32.12448790390687
0.2582582582582583 118.60043754963242 32.17070679339883
0.25925925925925924 119.27417226786112 33.19645885928911
0.2602602602602603 118.20801553380664 33.40678003658785
0.2612612612612613 121.09941933194081 33.95630763778607
0.26226226226226224 122.15313454105377 36.079033525569486
0.2632632632632633 121.67379877536794 34.28582180544565
0.26426426426426425 120.33233685790695 33.90957448785296
0.2652652652652653 119.63955506757458 32.66748721577258
0.26626626626626626 121.52191102994658 34.5145643521517
0.26726726726726724 121.87390172900392 34.78843795891252
0.2682682682682683 122.2586988701561 35.8578417181277
0.26926926926926925 124.68686919711365 38.07172283598404
0.2702702702702703 127.26991374787035 39.71506965054961
0.2712712712712713 126.060069724977 38.205509305954216
0.27227227227227224 126.59798691415222 37.49127312331597
0.2732732732732733 126.42720854494848 39.03318267505248
0.27427427427427425 125.21300999150992 36.58446382380018
0.2752752752752753 122.11014949377956 35.05506683302
0.2762762762762763 122.55275129917943 34.70574357487641
0.2772772772772773 125.391198503008 36.667591648408134
0.2782782782782783 127.41019836116831 38.724050198590085
0.2792792792792793 125.37532592495896 38.957081721041305
0.2802802802802803 125.01106127880705 38.10514631498495
0.2812812812812813 124.66777509494128 36.63369948816451
0.2822822822822823 126.30677705102651 37.1816464982528
0.2832832832832833 124.33788940662014 34.83973045332263
0.28428428428428426 123.2401519987264 35.86307116520142
0.2852852852852853 123.43861784136507 35.56436501089279
0.2862862862862863 120.95905814812315 32.89694118511781
0.2872872872872873 119.33861517529893 33.19341461117774
0.2882882882882883 119.721205575882 33.01634174328873
0.2892892892892893 118.42728833193512 32.05549039518122
0.2902902902902903 118.94782029106399 32.889224782839015
0.2912912912912913 116.7752204661055 29.288118478537942
0.2922922922922923 115.06309773091007 31.454511990421896
0.2932932932932933 115.13455845119898 29.435669820233365
0.2942942942942943 115.87685969108496 29.14892847424731
0.2952952952952953 115.55270235658274 30.99404946597931
0.2962962962962963 114.55047117437721 29.185937381702526
0.2972972972972973 112.2745295208262 27.07404956483227
0.2982982982982983 108.0706038669038 23.98952476074791
0.2992992992992993 107.81106289139791 25.039113150756002
0.3003003003003003 108.16665041354223 25.624379909966517
0.3013013013013013 107.28138915960548 24.850920056724423
0.3023023023023023 106.39906497057129 23.160862181653346
0.3033033033033033 105.0738947771727 22.538250495410676
0.30430430430430433 105.73476657536987 23.99347474872472
0.3053053053053053 108.09573193646177 23.84821428387435
0.3063063063063063 107.97276543612637 22.61312157408591
0.3073073073073073 108.27173751703104 24.522371299585668
0.3083083083083083 109.13853358345438 25.175304845670844
0.3093093093093093 112.62663590651985 26.060926709779878
0.3103103103103103 112.5430301768952 28.418504153936418
0.3113113113113113 111.96651840589243 26.675311662062867
0.3123123123123123 112.54001230005696 27.335726436242496
0.3133133133133133 113.49746439017277 27.080960859378056
0.31431431431431434 113.96627469166441 27.876864860780707
0.3153153153153153 114.97571495811327 29.422040473315782
0.3163163163163163 116.82161807678229 28.869071888303637
0.3173173173173173 112.93385381543443 27.00775238330388
0.3183183183183183 116.30777817526871 29.329689045902523
0.3193193193193193 116.32038661139264 29.545236921942422
0.3203203203203203 113.639222459046 27.98171610996644
0.3213213213213213 114.7929449476766 29.60652631062421
0.32232232232232233 117.02041982362526 29.828278478016948
0.3233233233233233 117.65647314428594 30.483619028786773
0.32432432432432434 119.66441663424105 32.75721190302611
0.3253253253253253 121.70761290274687 34.18711492542603
0.3263263263263263 122.30265401511558 34.30192471490039
0.3273273273273273 122.17125981816031 34.896889557429084
0.3283283283283283 123.33789880768464 35.921680458505776
0.3293293293293293 123.47222562875632 34.224422512168616
0.3303303303303303 124.3056244823513 34.8880620241048
0.3313313313313313 124.81614418763935 36.447700404097866
0.33233233233233234 126.10209782438879 36.705470913942094
0.3333333333333333 126.50780976804536 38.77105330377603
0.33433433433433435 127.34251511871429 38.412657484201006
0.3353353353353353 125.99911069337077 37.38602520208465
0.3363363363363363 124.6175582147503 37.72126879855372
0.3373373373373373 125.03600782336369 36.945977476270485
0.3383383383383383 126.74219988163657 37.712564945416204
0.3393393393393393 128.41841325349395 39.87453093728691
0.34034034034034033 126.93651823816606 38.59913597187569
0.34134134134134136 124.73976121921312 35.98450254954458
0.34234234234234234 122.99470501351105 35.663553499083136
0.3433433433433433 122.72887030072405 33.07658236595631
0.3443443443443444 124.84569813728355 35.85871283122713
0.3453453453453453 123.04731696039808 34.495363131951684
0.3463463463463464 122.5570630739044 34.89135152638553
0.3473473473473473 123.70161591676391 34.704693651584016
0.3483483483483483 122.32358656867535 32.24809182452171
0.34934934934934936 124.2238168507152 35.34929079166947
0.35035035035035034 123.68321274994936 35.318761343629646
0.35135135135135137 123.92349414450277 35.15365627125181
0.35235235235235235 124.25026306926624 35.9444475312072
0.3533533533533533 124.21553888759784 36.086323231825794
0.3543543543543544 124.67067093398776 35.25907538728235
0.3553553553553553 123.09249923254428 33.90759696960425
0.3563563563563564 122.63470609540836 33.235679772159344
0.3573573573573573 121.87664915760405 34.01371104962373
0.35835835835835833 120.52019587451453 31.23621928943473
0.35935935935935936 124.01790122400931 36.562389928573985
0.3603603603603603 123.28442321067457 34.019313274986345
0.3613613613613614 126.88187087960921 36.30322172004955
0.3623623623623624 129.30373843853914 39.64766010420087
0.3633633633633633 129.90949806369593 38.7897987153881
0.3643643643643644 125.76172756526913 35.65511412106014
0.36536536536536535 128.74633415213592 36.74905559755729
0.3663663663663664 131.14554620626473 40.97190971035433
0.36736736736736736 129.89157288600194 41.29992936478404
0.3683683683683684 130.9574984202525 40.784014946283946
0.36936936936936937 132.9577547385092 42.11676249763738
0.3703703703703704 134.9767799563143 45.47549660381652
0.3713713713713714 134.2208196676119 41.359934603124906
0.3723723723723724 136.12534239769894 44.19418898151503
0.3733733733733734 135.4095535462951 44.46966829484134
0.3743743743743744 136.01306346747455 43.39018402964682
0.37537537537537535 137.6661803967748 47.15253016354501
0.3763763763763764 138.76104370637972 44.58028674190829
0.37737737737737737 138.05594317061414 46.51256615965631
0.3783783783783784 136.95959611006762 43.718027669685014
0.3793793793793794 137.98667037740623 44.75830649193391
0.3803803803803804 135.71976941201638 44.48996054833364
0.3813813813813814 135.46888968560793 42.672888759329595
0.3823823823823824 138.0291802978474 45.824076720436125
0.3833833833833834 138.8814839551133 47.49948350134045
0.3843843843843844 136.8883704244981 44.887824974686495
0.38538538538538536 138.88318842734265 45.460923195898744
0.3863863863863864 140.9558643401957 50.05538638899595
0.38738738738738737 138.22925301543407 47.776397651568956
0.3883883883883884 138.20402470168835 47.88252369518074
0.3893893893893894 136.6922251870824 45.344860014428434
0.3903903903903904 135.77290999203152 45.69053599427971
0.3913913913913914 134.54221805350664 44.66122009130367
0.3923923923923924 134.65335553431495 42.27742414847413
0.3933933933933934 132.81942886051365 43.09087625350425
0.3943943943943944 130.0416462033403 40.15466407649877
0.39539539539539537 128.62672587437407 37.96082091563724
0.3963963963963964 128.0698324839648 39.93521291825815
0.3973973973973974 127.9060667431588 37.511258654371325
0.3983983983983984 126.17821501748192 36.54199925248172
0.3993993993993994 125.03633370595541 35.743978240530446
0.4004004004004004 123.88685176573894 36.087888320996015
0.4014014014014014 121.76806055717091 34.455000748703036
0.4024024024024024 120.86544698629606 30.991047576950926
0.4034034034034034 119.81816001749624 30.933728675308352
0.4044044044044044 118.80972239450969 30.694856583502904
0.40540540540540543 119.85649468535445 32.15446697133865
0.4064064064064064 122.0485956838395 32.99794029648236
0.4074074074074074 124.15479959483672 35.0545446496307
0.4084084084084084 124.34229398904957 35.36084417982314
0.4094094094094094 122.77097623850092 33.00082742645459
0.4104104104104104 121.81878025242364 32.44087710204449
0.4114114114114114 122.02241941794097 33.03920439014968
0.4124124124124124 121.34851427484608 32.071029473117
0.4134134134134134 122.54066911299921 33.061081038172546
0.4144144144144144 123.58693747387123 35.18093436009563
0.4154154154154153 125.12704638605015 36.590620559950196
0.4164164164164164 126.81201957752131 36.91349240624607
0.4174174174174174 127.31696796809022 38.517838164027
0.4184184184184184 129.384025296942 36.62332135735344
0.4194194194194194 130.05490968317872 38.987745217904255
0.4204204204204205 129.88778290662694 39.23286490845
0.4214214214214214 130.76478551803524 40.414488649516855
0.4224224224224224 125.59269487596107 35.36039817402558
0.4234234234234234 129.34334434980892 38.041743495101706
0.4244244244244244 132.12793216387436 40.91515941695335
0.42542542542542544 133.08371079788827 42.69549416176458
0.4264264264264264 133.8261655332305 42.17315779109591
0.4274274274274274 134.22886652808666 42.808590831505576
0.4284284284284284 136.10714839575942 43.34493850744851
0.4294294294294294 135.96966598481166 44.172382053570985
0.4304304304304304 136.3547535318076 43.55926682908741
0.4314314314314314 135.56942086394454 43.171100759966095
0.4324324324324325 135.26304845046056 44.42640942857308
0.43343343343343343 134.78461486787862 43.38305430361785
0.4344344344344344 139.65030496388852 46.552773098780435
0.43543543543543545 142.4809039270394 50.226139953091206
0.4364364364364364 142.20958972827827 48.99417901410932
0.4374374374374375 139.31393009667016 45.77073715302907
0.4384384384384384 141.36413980689755 47.334736228093206
0.4394394394394394 141.79988335957398 48.98555114079888
0.4404404404404405 144.36794573291738 49.78442291241554
0.44144144144144143 145.12314644442674 53.09965962027591
0.4424424424424425 144.97063592758067 50.58656352641033
0.44344344344344333 143.9988984460818 49.60387235194917
0.4444444444444444 143.07046482207116 49.94295162389442
0.4454454454454455 142.39722237131463 48.167844136897834
0.4464464464464464 142.99730070993266 49.43047020329578
0.44744744744744747 145.4304369012004 51.589661122964095
0.4484484484484485 145.5408370132679 51.07433298165406
0.4494494494494494 146.28331877308975 51.881027650631566
0.4504504504504505 143.52738006262857 49.08896766773666
0.4514514514514514 146.51664707604877 52.51755151842055
0.4524524524524525 146.9734480436479 53.66432077137564
0.4534534534534535 147.6729291596694 52.20623045991599
0.4544544544544544 148.0092497306181 54.633581110899875
0.4554554554554554 146.0305758536886 51.89030549910743
0.4564564564564565 145.86094077502423 50.52847683801613
0.4574574574574575 146.555920768132 53.416852789093795
0.4584584584584585 146.05954086877634 51.107313612151124
0.4594594594594594 147.2553574944936 52.418472304466135
0.4604604604604605 149.7187707720698 56.11624237957826
0.4614614614614614 147.91565500338254 54.332528961016216
0.4624624624624625 150.96853591918546 56.532918237369074
0.4634634634634634 151.2541538601272 55.30606737885345
0.4644644644644644 152.0000929627212 56.75580185910718
0.4654654654654655 152.48781660371031 56.29647350503829
0.4664664664664665 151.87264801255202 56.84712204760594
0.4674674674674675 151.00638424083937 56.30415885940034
0.4684684684684685 154.7405609221381 59.73413221870478
0.4694694694694695 155.7548471845232 62.2871825358072
0.4704704704704705 155.81854441541162 61.17283497636774
0.4714714714714714 156.69048236916046 61.33543396413682
0.4724724724724725 159.74511159390013 63.59458168852299
0.4734734734734735 159.51917418107743 62.53582133658295
0.4744744744744745 158.22742584665286 61.95582543449491
0.4754754754754755 161.26534595610744 65.88656073281425
0.4764764764764765 158.66332076308763 62.65468122557472
0.4774774774774775 159.14214921547784 63.92942595933387
0.4784784784784785 156.66023987943674 63.1650734352197
0.4794794794794795 156.23042031295472 60.794832071417275
0.4804804804804805 157.90528650737687 63.21488720204374
0.4814814814814815 194.99425158495026 94.86486821516438
0.4824824824824825 192.7025698655686 96.53251022888487
0.4834834834834834 195.04383293215602 99.27947413443788
0.4844844844844845 189.63177046419068 93.11633098666542
0.4854854854854855 187.03159684856118 88.17751359650572
0.4864864864864865 188.19263257848255 90.84615246379795
0.4874874874874875 186.87732320036625 92.34091326779887
0.4884884884884885 157.48604884491246 62.93703608515427
0.4894894894894895 157.09491814936027 61.25301985772492
0.4904904904904905 154.00507417288833 58.73837067876523
0.4914914914914914 154.10026960224792 58.521697088436824
0.4924924924924925 153.93976351216975 57.665806773893095
0.4934934934934935 156.04521928203928 59.7495485447858
0.4944944944944945 153.09315095707154 55.64709517613903
0.4954954954954955 154.97769053010015 59.831992153561764
0.4964964964964965 153.5818423512724 58.866763852519206
0.4974974974974975 153.7322660185262 57.536170972082495
0.4984984984984985 153.16911641804938 57.12012986383957
0.4994994994994995 150.65810572049088 53.65850029481308
0.5005005005005005 152.64219623697082 57.449259513292056
0.5015015015015015 152.0877026355561 54.59701821028058
0.5025025025025025 154.3149936138681 61.05691000705541
0.5035035035035035 155.3847486486915 61.019074106557994
0.5045045045045045 155.07246997928206 59.076760733481635
0.5055055055055055 152.65686749306704 57.70983564927534
0.5065065065065065 151.26555253757724 52.76134559092192
0.5075075075075075 151.85293763599574 57.797295749058236
0.5085085085085085 152.33845524366396 56.20084577701681
0.5095095095095095 154.19718826755403 57.178570825403334
0.5105105105105106 152.4894358191066 57.20791885556352
0.5115115115115115 151.99777196606874 55.815807726250945
0.5125125125125125 150.13902705642582 56.64186549629607
0.5135135135135135 150.42640049839326 57.30763812099559
0.5145145145145145 151.21735842861258 57.249252076368386
0.5155155155155156 151.8267886131904 56.83696673034647
0.5165165165165165 151.28064835191512 57.97313530684773
0.5175175175175175 150.94167862305372 54.29071108913446
0.5185185185185185 153.79008138797963 58.289248282836645
0.5195195195195195 153.8793627503727 57.64883534671448
0.5205205205205206 154.1900347868504 56.582259766597154
0.5215215215215215 155.11335284474933 60.50453896765152
0.5225225225225225 155.42625499711554 59.64507549748149
0.5235235235235235 155.429349618638 57.891143228731714
0.5245245245245245 155.73920452169457 61.52984156050231
0.5255255255255256 157.75720372891547 62.89163280156962
0.5265265265265265 157.93584609565048 63.30749025460402
0.5275275275275275 158.3785182091155 63.77604961772297
0.5285285285285285 158.80860779015498 62.575461881558795
0.5295295295295295 157.69265861807713 61.064315901703544
0.5305305305305306 158.4922653814713 61.20315920124289
0.5315315315315315 160.01558885537432 63.86097714915563
0.5325325325325325 159.4057951510971 63.46852532803172
0.5335335335335335 158.16597446391188 64.40378454560687
0.5345345345345345 157.62724491172918 61.229129271305816
0.5355355355355356 158.19568125289084 63.82240440956916
0.5365365365365365 157.4865364481246 64.02437291255936
0.5375375375375375 155.6477015339148 59.096886172264696
0.5385385385385385 153.25705850400595 57.518868394854785
0.5395395395395395 154.1755690297055 60.89399518628236
0.5405405405405406 154.34618279610942 61.295529805753276
0.5415415415415415 156.51407626403514 60.93938147514752
0.5425425425425425 155.96880732770182 59.92417284644395
0.5435435435435435 154.99190973901128 59.12881304382908
0.5445445445445445 153.6218667209715 57.29317031486952
0.5455455455455456 154.29555121537433 58.049031550838315
0.5465465465465466 158.84861892317244 65.03878746157936
0.5475475475475475 158.94053211094783 62.75253712343125
0.5485485485485485 160.41323267823745 64.19302679951997
0.5495495495495496 160.3727210509975 64.92768595871469
0.5505505505505506 163.63890461443856 66.02978561760061
0.5515515515515516 165.34218796860128 68.5312046585587
0.5525525525525525 166.46816023870036 68.82387494014338
0.5535535535535535 167.035624984551 69.50581279253157
0.5545545545545546 166.38979739073508 67.05205013615164
0.5555555555555556 167.70383619226317 70.40483119748407
0.5565565565565566 169.25651952620942 73.59358525470562
0.5575575575575575 172.07081336330262 73.67220911932951
0.5585585585585585 170.87976535051024 73.05511073543279
0.5595595595595596 174.4325341586017 78.34200773102476
0.5605605605605606 176.78028454071685 76.65663185623025
0.5615615615615616 178.40485492225727 81.63751844025312
0.5625625625625625 179.92343572096829 82.97008509184579
0.5635635635635635 180.18346233873103 81.03171038867087
0.5645645645645646 182.51463275250333 86.24980927919626
0.5655655655655656 188.94465388375028 93.32961412820255
0.5665665665665666 193.28816299479396 92.53646405794633
0.5675675675675675 196.42778933903236 98.2793737972344
0.5685685685685685 195.5217187531392 99.33548279147236
0.5695695695695696 195.02670545026368 96.73959548144836
0.5705705705705706 194.7398647914317 96.76922911218405
0.5715715715715716 195.23490300444945 95.361664070409
0.5725725725725725 193.8932857311312 98.45928470221925
0.5735735735735735 197.38427208028648 100.7750191111615
0.5745745745745746 196.27878265894046 97.55851657401966
0.5755755755755756 192.96053731359277 97.74563483799504
0.5765765765765766 194.7058496986715 94.52785841336642
0.5775775775775776 198.97870513624576 98.008514651388
0.5785785785785785 197.03577965385162 97.6203466427568
0.5795795795795796 198.00398348592992 99.71275506070769
0.5805805805805806 193.33449689124717 96.49717158350778
0.5815815815815816 191.2386258983229 93.23325225380205
0.5825825825825826 196.79340666462025 94.98927414158612
0.5835835835835835 197.38252579840324 99.8004089018606
0.5845845845845846 193.79494288149726 95.60453148721484
0.5855855855855856 198.68847727555539 99.24539959911397
0.5865865865865866 198.43862023484002 101.48720349620532
0.5875875875875876 196.5812537460157 96.24522277349135
0.5885885885885885 193.74436838477428 94.00926775582944
0.5895895895895896 190.37019921746503 94.8387777118975
0.5905905905905906 191.0444256556062 93.01139416912993
0.5915915915915916 191.43128561819333 95.32373430730901
0.5925925925925926 191.58921150851845 92.712699780195
0.5935935935935935 192.80385600208174 95.25046029888429
0.5945945945945946 193.9590327845641 94.91479815209492
0.5955955955955956 197.725692712764 99.27255983644224
0.5965965965965966 190.66726325530792 91.01476963069324
0.5975975975975976 190.4282954536795 94.44117893060725
0.5985985985985985 191.59804281044515 94.35821341082546
0.5995995995995996 189.41473258229308 88.92549473452429
0.6006006006006006 189.1546634411532 89.8482092397921
0.6016016016016016 183.96286649052254 84.41017115655681
0.6026026026026026 183.46213810034268 84.79242195664634
0.6036036036036035 186.3135138680318 89.70998169681117
0.6046046046046046 182.49176960536658 85.73022522809565
0.6056056056056056 180.07128036217128 83.62706868787627
0.6066066066066066 179.82204370119274 82.96729826948638
0.6076076076076076 180.7924890920941 83.07894667646747
0.6086086086086087 184.45777315592895 85.0822831472673
0.6096096096096096 179.6427456347685 81.00606145613776
0.6106106106106106 177.2978249164518 80.3619684200528
0.6116116116116116 176.72951964109882 78.74227378707958
0.6126126126126126 172.3492950939901 75.45956983945433
0.6136136136136137 171.9063736260646 72.63805686695595
0.6146146146146146 173.69776953108058 75.91507880095824
0.6156156156156156 172.2714741334775 72.07196333378803
0.6166166166166166 172.15482664913924 74.49796773380855
0.6176176176176176 168.96953636545766 68.08909896484536
0.6186186186186187 165.86142317336862 67.69548163753481
0.6196196196196196 166.34712750764905 69.06328131209922
0.6206206206206206 167.9312790342589 68.73907133971912
0.6216216216216216 171.57119737580683 74.23455480570229
0.6226226226226226 175.45007651855022 76.9939160308572
0.6236236236236237 178.0867745123074 79.47464290621178
0.6246246246246246 175.82094529380186 75.07194766533682
0.6256256256256256 175.70970347468784 77.17350812857595
0.6266266266266266 174.70862551512676 77.31407597512268
0.6276276276276276 173.1413234283387 74.51410723094367
0.6286286286286287 172.76422413457658 76.2253798358748
0.6296296296296297 174.87785751669875 77.2150409708599
0.6306306306306306 173.74172334657047 74.68100871190052
0.6316316316316316 177.54510288286426 80.49804011666319
0.6326326326326326 175.35632584365877 76.63314656351365
0.6336336336336337 176.45773757792858 78.42120048653877
0.6346346346346347 178.08724251253017 78.04417976453497
0.6356356356356356 177.95450707937314 79.90393053014968
0.6366366366366366 181.98223582769745 82.79083892462782
0.6376376376376376 184.79684836946254 89.08190628275165
0.6386386386386387 184.68610460265546 86.88637387493432
0.6396396396396397 185.12956955673687 86.54433801404826
0.6406406406406406 185.06892326246341 86.80497179038245
0.6416416416416416 184.60212976432328 86.98849425330619
0.6426426426426426 182.02475639162574 85.50664907543127
0.6436436436436437 178.8495564938473 81.50130656504864
0.6446446446446447 183.89468077094298 86.29468094353034
0.6456456456456456 183.6018863160235 85.22554302828058
0.6466466466466466 183.97234141456454 86.59650299550671
0.6476476476476476 180.8751268226196 83.183098121206
0.6486486486486487 179.36894636672866 84.90302566436822
0.6496496496496497 175.59315973038406 78.48475365511564
0.6506506506506506 172.63683996694763 74.38651480458661
0.6516516516516516 176.3596354028651 77.2403100151759
0.6526526526526526 172.4013584690683 75.50189916393026
0.6536536536536537 170.95290322992372 73.67801929213036
0.6546546546546547 173.62816768008432 76.95155426933601
0.6556556556556556 175.4538898358313 75.22575522035997
0.6566566566566566 172.32384585918788 73.06431683675477
0.6576576576576576 169.7052472143537 73.23517877818873
0.6586586586586587 170.34796453954658 72.80182536278978
0.6596596596596597 170.46579448709855 72.69600881161769
0.6606606606606606 170.88766023510632 73.8581912020593
0.6616616616616616 169.0296667367149 70.23607059146032
0.6626626626626626 165.5803947497017 68.37406172470716
0.6636636636636637 161.6803693082258 63.83828910543719
0.6646646646646647 160.4870688233634 63.94834065126141
0.6656656656656657 159.93616818815255 63.18264741688475
0.6666666666666666 158.03105406745095 60.70230895270708
0.6676676676676676 156.41846273529669 59.14032512712304
0.6686686686686687 155.25047165483906 59.229797288676906
0.6696696696696697 156.3095628533318 57.43900806775929
0.6706706706706707 158.0078417369421 59.87064640926549
0.6716716716716716 157.64622145202043 58.98944306822075
0.6726726726726726 157.47163256238701 59.68723238545714
0.6736736736736737 159.25800120734414 61.51238976826941
0.6746746746746747 157.90293210940354 60.49713595983958
0.6756756756756757 155.51946264455546 57.5337561360226
0.6766766766766766 155.62245994447602 58.31336038792958
0.6776776776776777 159.7051147609305 61.50211551927689
0.6786786786786787 160.96832584732522 63.18285877775664
0.6796796796796797 182.86276267109628 85.06631647165926
0.6806806806806807 181.58844967560924 80.0380869423333
0.6816816816816816 177.7396385109666 78.81844068122427
0.6826826826826827 178.9644074341088 81.87223272924142
0.6836836836836837 181.76282614915007 83.55022914929914
0.6846846846846847 181.51623555469402 84.55336837905253
0.6856856856856857 178.2048628883884 79.40435402830632
0.6866866866866866 177.63093288242177 79.43965429696658
0.6876876876876877 176.68898075520528 80.03481964438275
0.6886886886886887 173.0159531087101 75.84693544649899
0.6896896896896897 174.2944776975211 76.8685414241428
0.6906906906906907 171.39480973286803 74.48493507822396
0.6916916916916916 172.19820716253028 76.0798805871833
0.6926926926926927 169.9106432908582 70.23208619975419
0.6936936936936937 173.4569807176088 74.92659562620085
0.6946946946946947 173.50924189773446 73.38632760144935
0.6956956956956957 173.18308044042632 73.99853628967178
0.6966966966966966 177.04974785438458 78.1128347496758
0.6976976976976977 179.7137697233925 81.39770524289032
0.6986986986986987 179.66986085645138 81.89720384752557
0.6996996996996997 176.82719370028283 79.7655912452803
0.7007007007007007 178.63463782103878 79.2138362735646
0.7017017017017017 176.67628957704204 78.79434631837036
0.7027027027027027 176.07764546091553 75.47734392174436
0.7037037037037037 179.67931549070275 81.72999821516166
0.7047047047047047 179.53357451431668 80.96050718177216
0.7057057057057057 180.98167412229589 81.39384104486496
0.7067067067067067 180.73153021574342 83.2500635581409
0.7077077077077077 178.98937948602364 78.37844428815052
0.7087087087087087 176.7298108827806 78.95583676957565
0.7097097097097097 177.0241962215255 79.03097817089977
0.7107107107107107 174.37657850581252 76.16527149403123
0.7117117117117117 176.7162057420756 76.98487497812066
0.7127127127127127 175.38654977551153 76.7678797348258
0.7137137137137137 178.84879329801598 79.39585069736867
0.7147147147147147 177.20535773731044 79.25455256616584
0.7157157157157157 178.06075316311626 76.54662073966495
0.7167167167167167 181.4449009079091 81.7481698764802
0.7177177177177178 183.72168523398284 87.37901539641311
0.7187187187187187 185.36797246740227 87.42640083940235
0.7197197197197197 185.219276773885 85.04985881246361
0.7207207207207207 185.97795082404426 87.60445159645505
0.7217217217217217 184.9178312306306 86.52837791944886
0.7227227227227228 188.67271079896614 89.26225891823994
0.7237237237237237 192.7538661921556 95.12552952952264
0.7247247247247247 193.6234916203024 94.4539714576008
0.7257257257257257 193.46021948422924 92.6503196595595
0.7267267267267267 194.9329667523851 95.29839545209693
0.7277277277277278 195.46203886045848 96.08920026190933
0.7287287287287287 194.8731359681963 92.1006477253431
0.7297297297297297 195.81435202081082 96.17109299854661
0.7307307307307307 194.8859460262817 98.18254820452233
0.7317317317317317 186.8116260816886 87.76566044487056
0.7327327327327328 184.23973333518344 86.5748141827367
0.7337337337337337 185.48618343726952 88.55604610322337
0.7347347347347347 186.99948741425786 86.20614594168738
0.7357357357357357 185.21007005640828 85.47369650173897
0.7367367367367368 183.75585608658594 83.89841813915655
0.7377377377377378 185.54411743617032 87.14994363226234
0.7387387387387387 186.0274729685601 87.2499732983077
0.7397397397397397 185.3630224077696 86.68821531937914
0.7407407407407407 186.73480408635 87.73968086095262
0.7417417417417418 187.5127304822393 88.63910185987645
0.7427427427427428 188.58411646705002 90.3892162582621
0.7437437437437437 191.14730217373958 90.36652649016024
0.7447447447447447 189.40584432397742 90.26610792752567
0.7457457457457457 188.88829569298667 88.75869057917727
0.7467467467467468 191.35719702696446 93.0658030020295
0.7477477477477478 189.62292125013963 90.09134207958043
0.7487487487487487 188.0334810830711 87.62850491337296
0.7497497497497497 186.26312007726628 87.70554124603053
0.7507507507507507 189.21882035178572 90.15616155943806
0.7517517517517518 189.88828462247622 92.38852860132299
0.7527527527527528 192.5173033385636 92.64764035703217
0.7537537537537538 192.10203320335125 93.74322747638915
0.7547547547547547 191.8091490667799 93.4922741926516
0.7557557557557557 192.37969516385 94.1315142556084
0.7567567567567568 188.99337794235228 89.9116819466299
0.7577577577577578 188.44316616935782 88.97671750569621
0.7587587587587588 183.05941187209172 84.17025107796809
0.7597597597597597 182.6809546751096 83.41668831395164
0.7607607607607607 178.13739137172809 80.3541898422902
0.7617617617617618 176.97745443263543 77.30140426142256
0.7627627627627628 173.96086962086608 73.12327339817945
0.7637637637637638 174.31515324307608 75.20472422162146
0.7647647647647647 175.75336760997124 76.84086804247445
0.7657657657657657 178.56566599431565 80.6612198956718
0.7667667667667668 174.66817811517384 76.19584215547384
0.7677677677677678 174.37920991670242 74.81145795663203
0.7687687687687688 176.26288507511745 76.48379567103548
0.7697697697697697 177.57201082658142 78.36577729738875
0.7707707707707707 174.97204849753166 77.05505258153582
0.7717717717717718 173.03396354325528 73.55353271003108
0.7727727727727728 171.94375517927966 72.67233155510517
0.7737737737737738 169.0150812210589 69.84768374086516
0.7747747747747747 169.82917642458887 71.49690515816742
0.7757757757757757 165.30678398327032 68.07358570616755
0.7767767767767768 166.74827785579515 67.0338075378095
0.7777777777777778 166.6267126153012 68.16285733385203
0.7787787787787788 166.89967375140418 68.69259433794637
0.7797797797797797 166.3815976445645 67.56473229635696
0.7807807807807807 168.54756635329812 68.61011288182833
0.7817817817817818 167.13923240609626 66.82314089328922
0.7827827827827828 165.89879936137766 67.88804481640146
0.7837837837837838 164.63382264954538 65.89955734142619
0.7847847847847848 165.69261592138466 65.98736167601632
0.7857857857857857 168.12037996060724 70.71525598430124
0.7867867867867868 169.77867522074988 70.63388455492736
0.7877877877877878 165.59388435914457 67.63213872919479
0.7887887887887888 163.393480088494 62.50027595950993
0.7897897897897898 163.44645093407254 64.4122483781808
0.7907907907907907 163.56312556160333 63.96632518379853
0.7917917917917918 165.93467637755325 68.31032706131185
0.7927927927927928 165.69216273245866 65.51040448557805
0.7937937937937938 169.80093370730413 70.48048163391002
0.7947947947947948 167.45169094702518 69.62502699655047
0.7957957957957957 165.5356096696843 66.6461882426703
0.7967967967967968 165.62174103156082 65.9167637475344
0.7977977977977978 161.891068257882 64.19076940556538
0.7987987987987988 158.83780130146127 59.93723752120785
0.7997997997997998 161.5013696772826 64.30057438601915
0.8008008008008007 156.87431653334966 59.58655158876483
0.8018018018018018 160.1139259647616 62.70788325242653
0.8028028028028028 159.33377051345053 61.46614989826573
0.8038038038038038 159.43091922392813 60.174466592975186
0.8048048048048048 159.3807508296041 60.8638479620251
0.8058058058058059 162.47256206178855 63.89787740937989
0.8068068068068068 163.55198459978246 64.50536525692202
0.8078078078078078 161.52349580210918 62.57772492511313
0.8088088088088088 157.456562582896 57.26543275251875
0.8098098098098098 156.31695686977147 58.06751320563288
0.8108108108108109 155.81166408021298 55.975483538711785
0.8118118118118118 153.3165872666659 55.4233765022265
0.8128128128128128 153.32696736466457 54.71678124374197
0.8138138138138138 150.65219039692738 52.4178514048288
0.8148148148148148 148.49982114541302 49.30171002179753
0.8158158158158159 143.6338249092166 46.32353289309019
0.8168168168168168 143.91174926050033 45.51780238132709
0.8178178178178178 147.75333810077558 49.03621630757985
0.8188188188188188 148.9362491478319 50.41362854263524
0.8198198198198198 149.97774391909297 50.416207608598135
0.8208208208208209 148.44825646905295 49.07664739610342
0.8218218218218218 147.5509855063154 48.843205562484826
0.8228228228228228 149.57819068739562 50.62266962926646
0.8238238238238238 150.6937003272322 51.60757875616664
0.8248248248248248 150.83520990004024 51.52713322235563
0.8258258258258259 153.04675941235573 53.75025544634772
0.8268268268268268 154.254054005218 55.98513757984427
0.8278278278278278 154.3145750627274 56.445152241780285
0.8288288288288288 155.70552872965945 56.823940414447364
0.8298298298298298 155.60058756547497 55.728094226116866
0.8308308308308309 153.8365743950909 55.08821674110218
0.8318318318318318 153.2849326386146 53.12978991279196
0.8328328328328328 153.90785386620263 54.80551817725734
0.8338338338338338 154.1390641554219 54.07766090895926
0.8348348348348348 155.4407560715804 56.65312126725918
0.8358358358358359 157.5276418558586 58.13958931956462
0.8368368368368369 154.87479429466146 55.8723166525266
0.8378378378378378 156.9515488098089 58.032485713313946
0.8388388388388388 157.09300974051519 57.78014066204783
0.8398398398398398 158.18240565869812 59.28232062128916
0.8408408408408409 156.92368913588493 57.30523644174796
0.8418418418418419 154.35683846204094 54.15491405610899
0.8428428428428428 154.92223659161698 55.82340988845834
0.8438438438438438 152.859792237722 53.63365031957304
0.8448448448448448 154.89920648600668 55.133327843692676
0.8458458458458459 154.3049342903339 55.41510816253532
0.8468468468468469 149.55016731866402 49.81909038918164
0.8478478478478478 151.4830448445654 52.458167395613344
0.8488488488488488 148.70034650989544 49.432528379372116
0.8498498498498498 148.94165101451313 50.22089030742791
0.8508508508508509 147.3161282765677 47.53114489628349
0.8518518518518519 144.48614438623048 44.983232117637094
0.8528528528528528 142.1636523042462 43.16134499041501
0.8538538538538538 140.90162391579966 41.78386076172447
0.8548548548548548 142.27724284821483 42.83083805181266
0.8558558558558559 143.3972313863056 44.57286612068801
0.8568568568568569 145.96954712578898 46.95071664222181
0.8578578578578578 145.87096595451675 46.710426010572995
0.8588588588588588 144.60726746523682 45.844687542560614
0.8598598598598598 144.16169574345219 45.81450938406046
0.8608608608608609 145.28520478426722 45.62127878116567
0.8618618618618619 144.63169053765301 46.22230798511434
0.8628628628628628 144.5909120195175 47.22072774343377
0.8638638638638638 142.2212062765024 44.5753003006717
0.8648648648648649 145.51259585845 46.290869626377585
0.8658658658658659 147.1115251512976 48.454583153922066
0.8668668668668669 148.19934240711444 49.607566488687844
0.8678678678678678 147.57485846163164 48.34253230843927
0.8688688688688688 142.7221877990566 43.32945034326588
0.8698698698698699 141.97175890789524 43.01799510338967
0.8708708708708709 146.2308288950099 47.404298022957065
0.8718718718718719 143.24422201770156 45.2516243825423
0.8728728728728729 142.36751596365542 42.83195344520409
0.8738738738738738 143.99164837226962 44.406144779968656
0.8748748748748749 141.88104838261978 43.67450895626814
0.8758758758758759 141.3420759157427 41.64739303635188
0.8768768768768769 141.82869122360466 41.25763062629652
0.8778778778778779 138.20309688809087 39.19428413696387
0.8788788788788788 138.37578913226412 39.832983039272335
0.8798798798798799 137.5341460126134 39.07374241989634
0.8808808808808809 139.0602638824347 39.388243826695614
0.8818818818818819 137.7872455672829 37.965420157260546
0.8828828828828829 135.97837603220282 37.54623122393486
0.8838838838838838 133.5826094844489 34.865908889417035
0.8848848848848849 131.2275524073553 32.37955245316667
0.8858858858858859 131.3799111689228 32.42722706256624
0.8868868868868869 128.89732849128217 30.917289983498172
0.8878878878878879 129.5015226664865 30.468840656607306
0.8888888888888888 129.22102173209458 30.282529771885667
0.8898898898898899 126.14043803217069 27.639075805946895
0.8908908908908909 126.67482514484226 28.1082753066853
0.8918918918918919 126.1017087819232 28.21408375393676
0.8928928928928929 128.77773495620468 30.493520101772383
0.8938938938938938 129.6887989839488 29.816123680889888
0.8948948948948949 128.86042988682246 29.778314239824137
0.8958958958958959 128.99328108547036 30.783582082700125
0.8968968968968969 130.90106950921276 32.904099479387064
0.8978978978978979 131.69557795060612 32.53262051196223
0.8988988988988988 135.07243282240796 36.677564668253716
0.8998998998998999 136.65452241553652 37.383775761962745
0.9009009009009008 138.03121374165394 38.5901929484262
0.901901901901902 139.88353178190386 40.66026666640989
0.9029029029029028 140.51334832908103 41.366872106534224
0.9039039039039038 141.42646417634148 42.465807785155626
0.9049049049049048 140.64991604593456 42.137738099776456
0.905905905905906 141.1738951466487 41.522204726583155
0.9069069069069068 141.86411850989828 41.97802888672937
0.907907907907908 139.36657009805484 40.339813234480246
0.9089089089089089 141.3116249355997 41.90247606302293
0.90990990990991 139.08770180033036 39.45243598554631
0.9109109109109108 139.2342848700333 40.21500618339798
0.911911911911912 139.3261273769352 40.28424361401501
0.9129129129129128 142.92069498843838 43.76964446240156
0.913913913913914 142.16472060771625 42.471000664641274
0.914914914914915 141.16688139420896 41.98636697437085
0.915915915915916 140.51278900390832 41.06134307765098
0.9169169169169168 141.02129227050983 40.74952392983652
0.917917917917918 142.89552708563366 43.30514761402765
0.9189189189189187 140.50067773294037 40.53251398229033
0.9199199199199202 139.51324283056582 39.39958805900247
0.9209209209209208 136.25003192073186 36.175277797260726
0.921921921921922 135.94122867028798 36.76889520630476
0.9229229229229228 137.71846132824916 38.56302648644058
0.923923923923924 138.98195281677567 39.62140190124296
0.9249249249249252 137.1612293283975 37.949391250611015
0.925925925925926 136.21355197275082 37.29622303007873
0.9269269269269268 136.15258610119514 37.47893171037023
0.927927927927928 136.60554216305223 37.0866528993398
0.9289289289289288 135.7457094408006 36.719547316498556
0.9299299299299301 139.6234121853873 39.850268358900095
0.9309309309309308 140.39431485754994 40.535804027614276
0.931931931931932 143.7268887308444 44.53941238829011
0.9329329329329328 142.59773712143138 43.38525750275255
0.9339339339339341 141.81904163009114 41.86169381713608
0.9349349349349351 143.28884512187236 44.010607834469766
0.935935935935936 143.57021001086306 44.19551732127476
0.9369369369369368 142.4603505493956 43.294499516951525
0.937937937937938 145.61509565658687 45.99916866003711
0.9389389389389391 146.2979700490139 47.43130839515712
0.93993993993994 147.02641166690955 47.791465397114145
0.9409409409409408 146.58282154480239 46.60225610233982
0.941941941941942 144.07857910904062 44.6038354016161
0.9429429429429428 141.55379572601353 42.194982058839244
0.9439439439439441 141.2404969066584 41.53530629760443
0.944944944944945 141.23047771874866 41.92645146163005
0.945945945945946 140.50226305076546 40.53931605193169
0.9469469469469468 139.6759089269881 39.48678223240359
0.947947947947948 137.90173527245898 38.44298798207579
0.9489489489489491 138.3516314643285 39.09933539456607
0.94994994994995 141.03125858735814 41.34101319372165
0.950950950950951 142.02390281011824 42.177078850319845
0.951951951951952 141.96767156831166 42.14789796731723
0.9529529529529528 139.66586334190177 39.83762164449348
0.9539539539539541 139.18975124145945 39.67548683507063
0.954954954954955 137.8381133997345 37.97196077045555
0.955955955955956 138.40292663234038 39.14769801925651
0.9569569569569568 137.65633740959422 38.211356331503964
0.957957957957958 140.91695262165095 41.21030538571063
0.9589589589589591 143.75004539407388 43.91061500407471
0.95995995995996 144.13772185224903 44.54791358685697
0.960960960960961 142.3526373416679 42.76464175094257
0.961961961961962 139.8713196845875 40.06488184765425
0.9629629629629628 141.28418298220427 41.55717076705125
0.9639639639639641 139.54348090473422 40.016114532630006
0.964964964964965 140.0506363797562 40.24697945734012
0.965965965965966 138.13655888377934 38.567112744744094
0.9669669669669668 139.54370804544243 39.84046247301409
0.967967967967968 137.8314889527904 38.13106406582857
0.9689689689689691 137.44849091871015 37.66210367296905
0.96996996996997 138.1272394024646 38.62151015033198
0.970970970970971 137.22312511960936 37.24328613996902
0.971971971971972 136.13407861594234 36.32986468301581
0.9729729729729728 138.76329617953414 38.686549825264166
0.9739739739739741 140.55779583669442 40.982028806452085
0.974974974974975 139.4671555704615 39.560346912940695
0.975975975975976 136.26445114787384 36.459448685970884
0.9769769769769768 133.72514977964616 33.937554364149115
0.977977977977978 134.2842578494751 34.34083897501901
0.978978978978979 130.87317966179344 30.971354218422448
0.97997997997998 129.67888586214085 29.805716158060164
0.980980980980981 132.1263987258226 32.320249119839794
0.981981981981982 133.34816033901637 33.417264912958295
0.9829829829829828 130.0260666317282 30.271376239363786
0.983983983983984 128.16598851526012 28.345758445353326
0.984984984984985 128.5153360909035 28.49805794790437
0.985985985985986 128.78392800686746 28.997173680569357
0.986986986986987 129.957393390205 30.127691590349833
0.987987987987988 129.216795562665 29.388806981439554
0.988988988988989 132.35855307787364 32.31844909282583
0.98998998998999 132.81907047413034 32.87580700192237
0.990990990990991 132.34413288171586 32.52890408262631
0.991991991991992 132.39378285436584 32.48431394699696
0.9929929929929928 131.9219252894847 31.929734526820337
0.993993993993994 132.86597409891988 32.92641204008974
0.994994994994995 132.48981132510556 32.48342541232069
0.995995995995996 133.21246638140585 33.23917258991613
0.996996996996997 133.91383130116932 33.94733107557076
0.997997997997998 135.68560450002659 35.70839458420555
0.998998998998999 137.0036946970009 37.01581427762569
1.0 138.40785786186802 38.407857861868024
