t,x,call_price
0.0,100.0,23.685316016043117
0.001001001001001001,100.68336108608662,23.02801066960432
0.002002002002002002,100.6328357907498,22.665758570150864
0.003003003003003003,98.4017005020916,22.21922467343375
0.004004004004004004,96.70251414966276,19.655389857885254
0.005005005005005005,96.32192223323156,20.91436008118982
0.006006006006006006,96.6658710405948,21.142350880459446
0.007007007007007007,98.59368438809078,22.448783436691905
0.008008008008008008,98.99535442106917,22.89782032642942
0.009009009009009007,98.03865985849579,21.916696910948055
0.01001001001001001,96.50294107742805,22.900591668993453
0.011011011011011013,97.46303775262196,22.117753257480974
0.012012012012012012,97.60215088851444,21.86927577306855
0.013013013013013013,98.83943939625324,22.520686318624122
0.014014014014014014,98.6873308790102,22.065461669520527
0.015015015015015015,98.79483843091042,22.21367989319212
0.016016016016016016,100.32152098827055,22.832920299571317
0.017017017017017015,101.89498595792186,23.064724071714934
0.018018018018018014,101.1076901006728,23.082000089071695
0.019019019019019017,101.98223510173749,23.57456621630203
0.02002002002002002,102.15777516970027,24.545076386636726
0.02102102102102102,102.78646448243697,23.573855011805
0.022022022022022025,101.86055518362456,23.770861901727503
0.023023023023023025,100.59863207751249,24.127604745482973
0.024024024024024024,100.80494133496649,23.25135821880383
0.025025025025025027,100.30502614229643,24.666335697572126
0.026026026026026026,100.79614882447231,23.251606791804903
0.027027027027027032,101.13434003221346,23.19154126044345
0.028028028028028028,102.2600071029709,21.976397746172527
0.029029029029029024,102.94408819537372,24.530082861306838
0.03003003003003003,101.35852815602637,23.279893854665268
0.031031031031031032,101.08977583935908,22.58586816457621
0.03203203203203203,102.99198929405077,25.193091680341183
0.03303303303303303,103.09046239116051,25.647398250866907
0.03403403403403403,102.74483550577057,24.376410560555648
0.035035035035035036,103.94276911631832,24.959881368600293
0.036036036036036036,102.40068803831394,22.433745574471377
0.037037037037037035,102.13183667445908,22.964106266889868
0.038038038038038034,100.44777098614706,23.6621767392975
0.03903903903903904,100.570506743052,22.521223868048335
0.04004004004004004,101.13396487705549,23.949421125836047
0.04104104104104104,124.29077363300358,40.392235979088824
0.04204204204204204,125.56117159907936,39.51920586932773
0.04304304304304304,127.65418583970349,42.48664810288246
0.04404404404404405,128.3347801661921,43.98662448507744
0.045045045045045036,128.61121184214065,44.36855177163343
0.04604604604604605,129.2996408406908,45.01502837581346
0.04704704704704705,128.15941516572877,40.91412734373942
0.04804804804804805,125.1062728971946,39.161732830911646
0.04904904904904905,123.70139790684857,38.77657730657323
0.05005005005005005,125.90262310712292,41.032929407521664
0.05105105105105105,125.2185509594524,41.12012904794595
0.05205205205205205,121.71853432956205,37.84239808312544
0.05305305305305305,120.82137126958851,37.694299422396156
0.054054054054054064,120.29109004982746,35.630191545646234
0.055055055055055056,121.94241208820783,38.0433098098391
0.056056056056056056,125.0405387938927,39.3700390843433
0.05705705705705705,128.93359328588693,43.33671880035266
0.05805805805805805,125.0878118104946,38.01211198710422
0.05905905905905906,124.61138762564705,39.01820095187108
0.06006006006006006,125.37798741290877,41.182179020323325
0.061061061061061066,126.15761591791788,39.97942549364478
0.06206206206206207,125.15417366416237,39.36478877341218
0.06306306306306306,126.78472492576913,41.16420370175606
0.06406406406406406,124.49328908743387,38.38707027517554
0.06506506506506507,125.72236360994556,41.03259198142723
0.06606606606606606,126.73147805521137,41.462132142415896
0.06706706706706707,125.11012700313341,40.020492491184285
0.06806806806806806,125.23553624361824,40.27561212024928
0.06906906906906908,123.16734131256577,38.33760244798512
0.07007007007007007,121.11512827751748,34.30694448823855
0.07107107107107108,121.59037761665482,38.422153545154394
0.07207207207207207,121.1983599393918,37.355982048209675
0.07307307307307308,121.59781133072448,35.22363344800374
0.07407407407407407,120.55938001062334,36.976038611876525
0.07507507507507508,118.0953031977544,34.08142936372992
0.07607607607607607,118.18056173027185,32.11393419860538
0.07707707707707707,119.00078815921215,35.40194199888189
0.07807807807807808,119.39514730990466,35.4003398354599
0.07907907907907907,118.94350051942328,34.94561740145763
0.08008008008008008,118.31799745956816,33.76135773917199
0.08108108108108109,116.12908094578293,33.96339055218092
0.08208208208208208,115.20173894371742,32.67064363862395
0.08308308308308307,115.83637729512472,30.4047940245492
0.08408408408408408,117.96158759235888,36.62059901126777
0.08508508508508507,117.62412632293457,34.70556894459585
0.08608608608608609,117.858825831959,33.285363371840376
0.08708708708708708,118.28437015577326,32.73069793755504
0.08808808808808809,119.90378061960863,36.440796590245974
0.0890890890890891,120.29975828053401,34.1876418618895
0.09009009009009007,119.60548345333191,36.09704511945228
0.09109109109109108,120.33382534083124,35.01202496319593
0.0920920920920921,121.32376767899216,38.28562689355824
0.09309309309309308,122.4104285364663,37.01210822044736
0.0940940940940941,119.79384391143202,36.72601272853423
0.09509509509509508,121.97767746802565,36.59589823413054
0.0960960960960961,119.74522719134558,34.86967580419714
0.0970970970970971,120.53348697089808,34.686318856666595
0.0980980980980981,120.06855685689072,37.17295534898647
0.0990990990990991,121.35950094026673,36.454137715264544
0.10010010010010008,121.31557917228815,37.02724420496251
0.1011011011011011,121.88456070019674,36.88744794458908
0.1021021021021021,123.37443639954849,38.221344297826015
0.1031031031031031,121.51125163143055,35.12457173959235
0.1041041041041041,121.69384603062528,35.77787188735455
0.10510510510510512,122.1124308907529,36.069885817284316
0.1061061061061061,122.13448543578282,36.56111227380078
0.10710710710710712,119.86701278436199,35.05389236860448
0.10810810810810813,120.6328395046706,34.938119162965556
0.1091091091091091,120.36789898019009,35.100303967046266
0.11011011011011013,121.54143303417774,36.35911766401053
0.1111111111111111,121.85250471910315,35.79523429394845
0.11211211211211213,119.23663990527822,35.61600202881784
0.11311311311311313,119.23994747286275,33.5022218913841
0.11411411411411412,119.20134121136984,34.311951868428615
0.11511511511511513,119.42187417571628,35.60084423711025
0.11611611611611612,118.5897917974497,33.32090411551438
0.11711711711711713,117.45880560377144,34.866485554369994
0.11811811811811812,115.66824193654092,33.573530221760755
0.11911911911911913,114.48305937649849,31.245481731052266
0.12012012012012012,114.34409298851764,32.12829153774051
0.12112112112112113,115.02249359069602,29.30400800578354
0.12212212212212213,112.75080797156404,30.191651547663533
0.12312312312312312,112.20924519670149,29.58152761661608
0.12412412412412413,113.14641508793336,28.609883221345285
0.12512512512512514,112.95442403707969,29.61372161621426
0.12612612612612611,111.26091935657112,30.191406172915038
0.12712712712712712,113.61240368847234,30.152865531939657
0.12812812812812813,112.47897821697278,28.835802669368675
0.12912912912912913,111.7282000409816,30.61986178926448
0.13013013013013014,112.51623464954196,29.174497817645047
0.13113113113113112,111.79668323768897,28.257484425993017
0.13213213213213212,112.401574946744,29.783000929294225
0.13313313313313313,112.369565661886,28.111694639696445
0.13413413413413414,113.5404578242306,30.288965776731064
0.13513513513513514,112.65852212051183,29.545578973531708
0.13613613613613612,115.05228602545256,32.316870166664806
0.13713713713713713,116.96606653049736,33.49241718221913
0.13813813813813813,117.99987523725679,33.414347780749814
0.13913913913913914,119.72044958700569,35.038481853826035
0.14014014014014015,119.3010881278424,35.2863433579516
0.14114114114114115,118.05246785480156,34.22795640478142
0.14214214214214213,116.43946585459094,32.965084824626196
0.14314314314314314,113.8483647005503,30.243096426136134
0.14414414414414414,116.514507215218,32.29175313017662
0.14514514514514515,116.86527887431022,32.11319932622131
0.14614614614614616,114.37611797932844,31.8447446354208
0.14714714714714713,116.26396364397732,31.498205689433444
0.14814814814814814,117.30392540639978,33.10009424295542
0.14914914914914915,117.36250851633713,32.7764568355815
0.15015015015015015,116.14026286302149,29.956556510390374
0.15115115115115116,117.02350358408079,32.972558334755576
0.15215215215215214,114.16775205159443,31.39603076338876
0.15315315315315314,114.28284927030127,31.13142684919058
0.15415415415415415,114.20478672369532,30.886252909227327
0.15515515515515516,115.2846958427758,30.82817915729911
0.15615615615615616,112.10040506678402,29.845764946341724
0.15715715715715714,108.4783600184715,26.320132764017487
0.15815815815815815,106.02678298057535,24.677295583719445
0.15915915915915915,103.4565221374386,23.818490943622447
0.16016016016016016,104.86529326643759,23.52031970661381
0.16116116116116114,106.68293617007284,26.30193497679027
0.16216216216216214,107.29590139011995,25.402617182778773
0.16316316316316315,105.73369707541687,24.123964848631562
0.16416416416416416,105.94489377817763,26.078125941977703
0.16516516516516516,104.60475763984137,24.089920122123093
0.16616616616616614,104.78097700682942,24.366785451862267
0.16716716716716715,107.7486935629163,25.773847963652923
0.16816816816816815,107.1983780642768,25.318137247195505
0.16916916916916916,107.09974676312098,25.61161847618869
0.17017017017017014,106.41835147775926,25.204113392452044
0.17117117117117114,106.18793857235045,26.311641146531635
0.17217217217217218,105.2767445667367,24.486103804765502
0.17317317317317318,105.61813415975628,24.69522015336495
0.17417417417417416,105.58127122747308,25.218884341492853
0.17517517517517514,104.70918913216481,23.010762931648703
0.17617617617617615,103.85952785808479,24.106053210081896
0.17717717717717718,104.45046569696714,22.759109620520857
0.1781781781781782,104.00715970349172,23.714858241037092
0.17917917917917914,102.74354726835381,21.954783599805005
0.18018018018018014,101.75901317807131,20.883304640255663
0.1811811811811812,99.94138062292092,20.839189470473766
0.18218218218218216,100.74994130402769,21.592095659959135
0.1831831831831832,100.74113368755529,20.65417217567887
0.1841841841841842,99.69058561755743,20.90195600520722
0.1851851851851852,99.70843493139886,19.52237501527353
0.18618618618618615,99.32628387501195,19.694760674270913
0.1871871871871872,98.86168672819224,19.69827533743547
0.1881881881881882,98.7617795258893,19.15031171494671
0.1891891891891892,98.25749625277945,20.430424090539734
0.19019019019019015,98.13894106850636,19.61972177857464
0.1911911911911912,97.71249677246573,19.326332355504107
0.1921921921921922,96.87311705801405,19.177557727888935
0.1931931931931932,96.53066449325256,17.932985900504804
0.1941941941941942,97.8827345046372,18.931343887939146
0.1951951951951952,97.96405090205853,20.10943968368938
0.1961961961961962,97.40983340107144,18.961917563125187
0.1971971971971972,96.62263657151462,18.069114347049826
0.1981981981981982,96.95408947515345,18.537802546762535
0.1991991991991992,97.35766386379065,17.775462964246703
0.20020020020020016,96.21735330232347,18.156286725564783
0.2012012012012012,96.62391335850279,18.42460448971553
0.2022022022022022,97.19965402601677,19.37634552837522
0.2032032032032032,95.97044164452416,17.4755502847377
0.2042042042042042,92.5040513744357,16.174921881818385
0.2052052052052052,93.00918470466507,15.895753077195986
0.2062062062062062,92.07350947858995,15.945769036897289
0.2072072072072072,90.8625032909254,15.244763627561918
0.2082082082082082,90.35444834568425,15.924031839157106
0.2092092092092092,91.16948688658566,15.37844287810528
0.21021021021021025,89.35633652566925,13.862191404421027
0.2112112112112112,87.91848664656423,13.552231888178255
0.2122122122122122,87.90973046375761,12.995296608853398
0.2132132132132132,87.28859936684195,13.443896653457676
0.21421421421421424,87.15480819053394,13.21050118947597
0.2152152152152152,85.89416437340729,12.589244970712892
0.21621621621621626,87.3298139508736,12.080913580474313
0.2172172172172172,86.85510635978754,13.191935851953986
0.2182182182182182,88.73568403542356,14.191559911150266
0.2192192192192192,88.7392612888985,13.159018733837536
0.22022022022022025,88.46982221208144,13.990425673399614
0.22122122122122126,86.8109897715435,12.8478120938999
0.2222222222222222,87.44708854254152,12.274717612271568
0.2232232232232232,85.75752506284877,12.060160540376845
0.22422422422422425,85.21269006640945,12.089412580194915
0.22522522522522526,85.37848461153942,11.84618065282307
0.22622622622622626,85.26106901460912,11.814869168803304
0.2272272272272272,85.7760107473675,12.221165556284793
0.22822822822822825,85.13963587505869,11.765586392075358
0.22922922922922925,85.12382380398242,11.155145280915299
0.23023023023023026,85.8541789009132,12.770959381293142
0.23123123123123124,85.15237520111741,11.451122940332125
0.23223223223223224,83.1332742663814,11.176932152532437
0.2332332332332332,79.93296539287516,9.21761617713087
0.23423423423423426,79.64902351001656,9.542218256815174
0.23523523523523526,78.95418341187602,9.771749757577942
0.23623623623623624,78.80588143677551,9.15542593733824
0.23723723723723725,77.28842931367457,8.366771209668885
0.23823823823823825,77.59126843922103,7.92055922017062
0.23923923923923926,77.8412632279184,8.80539785896285
0.24024024024024024,76.93055312653793,8.659233793052731
0.24124124124124124,76.20935517064798,7.82261017008473
0.24224224224224225,74.88441957614424,7.389466398497568
0.24324324324324326,75.82926164109296,8.015844524709342
0.24424424424424426,75.01531839216797,7.184700475419347
0.24524524524524524,76.84299870037391,7.698706989176373
0.24624624624624625,77.13860213591904,7.473387586426638
0.24724724724724725,77.125273368664,8.202724679232434
0.24824824824824826,76.97299977679815,7.5069679366217725
0.24924924924924924,76.19487122939034,7.875068171325333
0.2502502502502503,76.83380555059999,7.87515608085023
0.25125125125125125,76.45278948753545,8.036916062544327
0.25225225225225223,75.77207221310789,7.323134290015001
0.2532532532532533,74.98099487588539,7.680233015182175
0.25425425425425424,75.2109021992905,7.3834425910936465
0.2552552552552553,75.4346427250223,8.17574868681115
0.25625625625625625,75.8221786465998,7.338264217175171
0.25725725725725723,76.61369819391227,7.958292150980223
0.2582582582582583,77.50186946088681,8.21249625519267
0.25925925925925924,77.80791858216716,8.289723543804554
0.2602602602602603,78.20839641157094,8.74829493207308
0.2612612612612613,76.15003944533063,7.628557752674542
0.26226226226226224,75.36463676664013,7.467798460382126
0.2632632632632633,76.13910575564883,7.624117930513481
0.26426426426426425,75.55866427817875,7.213854344361213
0.2652652652652653,76.1153974814223,7.935320081932138
0.26626626626626626,75.87070807383515,7.655132362071804
0.26726726726726724,75.68559128125092,7.154216728210505
0.2682682682682683,74.46591214432519,6.79937257033357
0.26926926926926925,73.35778915631315,6.628490855898313
0.2702702702702703,72.78390650391547,6.8009085174947135
0.2712712712712713,72.3560095783397,5.709076013591973
0.27227227227227224,71.54436741133009,5.721885260183901
0.2732732732732733,70.22974792028997,4.731191396707639
0.27427427427427425,70.69340848223554,5.513422747406282
0.2752752752752753,70.46884448829914,5.257491437064935
0.2762762762762763,70.92065656957224,5.978768082827453
0.2772772772772773,71.49827069494373,5.763466417331366
0.2782782782782783,71.41937682530379,5.620404234575214
0.2792792792792793,70.86960025180845,5.422705697984666
0.2802802802802803,71.90335877071419,6.529648882812985
0.2812812812812813,71.11320066763851,5.208249068941779
0.2822822822822823,71.97751308883761,6.482811319129121
0.2832832832832833,72.2525920977759,6.231707610740642
0.28428428428428426,73.23302499197892,6.719987537574774
0.2852852852852853,72.9922086969418,6.216999967916353
0.2862862862862863,72.61957011342547,6.6601623240693675
0.2872872872872873,72.07026165403748,6.084232835644997
0.2882882882882883,72.4164091771034,5.78911698662542
0.2892892892892893,72.95047565964998,5.718756510514083
0.2902902902902903,73.32359702574092,6.083985775908064
0.2912912912912913,75.46610690316678,7.266237423462686
0.2922922922922923,73.02629179169773,6.317432037809358
0.2932932932932933,75.14575516217478,7.829291155128269
0.2942942942942943,74.36984347335975,6.70062850252942
0.2952952952952953,75.97674517811764,7.2655955819599685
0.2962962962962963,76.12293566261543,6.9025471289478535
0.2972972972972973,76.46523394228197,7.826156724844276
0.2982982982982983,76.27608536031111,7.725739705947241
0.2992992992992993,74.49640153639582,6.698479696634018
0.3003003003003003,72.17475780367168,6.159180364972241
0.3013013013013013,72.6903696072285,6.131285081043779
0.3023023023023023,71.45620659959458,5.589875035561
0.3033033033033033,71.62897097789286,5.3263783254732795
0.30430430430430433,70.80740604310294,5.511161419336762
0.3053053053053053,70.70862348597872,5.409721596660704
0.3063063063063063,70.28201888363056,4.747653160198876
0.3073073073073073,69.93147413980769,5.210868258542383
0.3083083083083083,70.07765872922268,4.8220993816096795
0.3093093093093093,69.88991139033244,5.051352308848266
0.3103103103103103,70.85117728226439,5.52016591445158
0.3113113113113113,71.56941924675023,5.97767372918148
0.3123123123123123,71.59017640478464,6.173903828126529
0.3133133133133133,71.07402862748226,5.2753584233956605
0.31431431431431434,71.15160851985112,5.311145279894587
0.3153153153153153,72.54471498451113,5.555453274717512
0.3163163163163163,74.09067438716747,6.4268290291771715
0.3173173173173173,74.12378028953573,6.354222334024903
0.3183183183183183,74.08522222841344,6.205959517222803
0.3193193193193193,73.77452234054115,6.262488622569911
0.3203203203203203,73.1849663015032,5.74582248605434
0.3213213213213213,72.6474118441511,5.562662891024853
0.32232232232232233,73.03572570480223,5.344666162538016
0.3233233233233233,74.76988707306587,6.605602719918255
0.32432432432432434,74.85012278283149,6.446486401563174
0.3253253253253253,74.35242563981599,6.396828764896615
0.3263263263263263,74.30189339469122,6.425151412427746
0.3273273273273273,75.01738738165986,6.920318894819313
0.3283283283283283,74.52359193386444,6.573047688226568
0.3293293293293293,74.33229114085051,7.0303070947469095
0.3303303303303303,75.73596011212257,6.569625658060472
0.3313313313313313,76.84681525834078,7.521915923109072
0.33233233233233234,78.19497538919816,8.019750460124241
0.3333333333333333,77.86173972313661,7.910280698526912
0.33433433433433435,78.60985431791083,7.795670675420073
0.3353353353353353,78.63546782997483,7.321963756362366
0.3363363363363363,79.6906117966479,8.15513185119447
0.3373373373373373,79.09239300300855,8.278242541872103
0.3383383383383383,79.14624511622651,8.318577415691674
0.3393393393393393,79.70555011109835,8.03856061605061
0.34034034034034033,79.12831348491629,8.501083041521579
0.34134134134134136,79.54984220990603,7.679348347016769
0.34234234234234234,79.26965487278908,7.836001975404439
0.3433433433433433,79.22525926618272,8.276298431875583
0.3443443443443444,79.10868460006331,7.241097636766418
0.3453453453453453,78.4581347440943,7.344596774800052
0.3463463463463464,77.86401429404955,7.523422333729314
0.3473473473473473,76.7262143103935,6.468548659493324
0.3483483483483483,75.27728560529816,6.517649378100017
0.34934934934934936,74.49300771795778,6.354522224200966
0.35035035035035034,74.74571143364429,6.879313317296055
0.35135135135135137,75.40501978767915,6.731009359590071
0.35235235235235235,76.53707896411943,7.297589820636412
0.3533533533533533,76.37308039647147,6.1621507059129526
0.3543543543543544,76.04479842709533,7.030440632745512
0.3553553553553553,77.30513085637516,7.140199536790616
0.3563563563563564,78.51462719428801,7.538951223761728
0.3573573573573573,78.64583869329508,7.770582313112202
0.35835835835835833,78.9976854808698,7.945265663281477
0.35935935935935936,78.5763829033217,7.7229851812065995
0.3603603603603603,79.27233105558261,7.718147733111595
0.3613613613613614,80.17359838983968,8.907124618459255
0.3623623623623624,79.92339402037453,7.889073588978075
0.3633633633633633,81.10474968228516,8.701052120450612
0.3643643643643644,81.61334277975097,9.219644846951597
0.36536536536536535,81.72797583225376,8.986962565298382
0.3663663663663664,80.03989631674743,8.572006164353931
0.36736736736736736,80.75779382066024,8.429681763853438
0.3683683683683684,81.33550158474857,8.35097106435411
0.36936936936936937,80.79728913803253,8.02561443477115
0.3703703703703704,78.87267719149676,8.341697813913552
0.3713713713713714,77.22724667107919,6.891518755546483
0.3723723723723724,78.31874820678402,7.6182268517320795
0.3733733733733734,79.4239380404423,7.598666149744431
0.3743743743743744,79.43959959827437,7.44331057717627
0.37537537537537535,79.10026231815739,8.059805085058102
0.3763763763763764,79.35742602801766,7.499023614024117
0.37737737737737737,78.70140701304923,7.140067894906994
0.3783783783783784,79.66282447816455,7.268933743848146
0.3793793793793794,79.49262156788389,8.15190388544593
0.3803803803803804,79.46113017009296,7.652360343075537
0.3813813813813814,79.92738134025602,7.217755540729274
0.3823823823823824,79.75348659104534,7.484971742037016
0.3833833833833834,80.02298972874286,7.4458850727280455
0.3843843843843844,78.85990240740703,7.8672864012232795
0.38538538538538536,78.57958905636707,7.6132212650016795
0.3863863863863864,79.47179734545017,7.525809646715305
0.38738738738738737,80.37699218926065,7.764514275601637
0.3883883883883884,78.65189975785455,7.424165231787218
0.3893893893893894,79.16787238216033,7.294013805228316
0.3903903903903904,79.66566801340664,7.581787013602773
0.3913913913913914,80.19922305882213,7.275151855242704
0.3923923923923924,80.17746294058358,8.000285154947939
0.3933933933933934,77.86224564573503,6.74683436817634
0.3943943943943944,77.13607249401238,6.368996725790991
0.39539539539539537,76.02782588527637,5.709890351097119
0.3963963963963964,75.16915608629476,5.73147241427852
0.3973973973973974,74.38409704891058,5.827077098526379
0.3983983983983984,72.14931908917958,4.700359992174975
0.3993993993993994,71.77485409611972,5.084104497655557
0.4004004004004004,71.3971968230733,4.428561534236616
0.4014014014014014,72.34387172216545,5.019713343278094
0.4024024024024024,71.160829518731,4.307866706634895
0.4034034034034034,69.05446103430036,4.175354145741776
0.4044044044044044,68.46006895389097,3.5268686502266506
0.40540540540540543,68.09198552560395,3.9087315185843057
0.4064064064064064,67.7340577105751,3.6571073460216015
0.4074074074074074,67.24473910605323,3.500367805538217
0.4084084084084084,66.93368664105391,3.516579998725002
0.4094094094094094,68.45895054224707,4.3028641302553385
0.4104104104104104,67.81510396359764,3.6072181838822086
0.4114114114114114,67.5240298141365,3.507566658725815
0.4124124124124124,66.59922845548587,3.130133312257414
0.4134134134134134,66.87977382491523,3.342241412428989
0.4144144144144144,66.38054228363502,3.102910678059926
0.4154154154154153,66.32265436713874,3.260326103374501
0.4164164164164164,67.198498524046,3.4981396407625334
0.4174174174174174,66.70487238408971,3.300469269693116
0.4184184184184184,66.46207637495117,3.3949375175987324
0.4194194194194194,67.9407255012686,3.7206488694094815
0.4204204204204205,69.22412128559141,3.523567130309888
0.4214214214214214,69.19967386233827,3.845723675502708
0.4224224224224224,68.84548218666839,4.204181703024415
0.4234234234234234,67.86317021333636,3.7858133716408227
0.4244244244244244,68.73156300287951,3.711358344169945
0.42542542542542544,68.50291936187914,3.4570180229581866
0.4264264264264264,67.20177926409889,3.333313759848924
0.4274274274274274,66.42602926302793,3.2682605650140024
0.4284284284284284,65.65458584733649,2.9691873371918183
0.4294294294294294,66.273552986135,3.10155057445129
0.4304304304304304,67.62069546633683,3.6245446715327643
0.4314314314314314,67.45658097004731,3.278735111185864
0.4324324324324325,67.27600459267235,3.320605716686954
0.43343343343343343,66.14250121566606,3.0042233489230807
0.4344344344344344,65.74988580431754,3.107185186114034
0.43543543543543545,65.67767464478408,2.899859816742977
0.4364364364364364,66.7036444053946,3.1010268152845697
0.4374374374374375,66.07564026102096,2.864957756257162
0.4384384384384384,65.32719299982239,2.5834736379893113
0.4394394394394394,63.92907394724269,2.6831648588963124
0.4404404404404405,64.92695703165093,2.8183580452922943
0.44144144144144143,65.44343206661328,2.528453638509608
0.4424424424424425,64.38217420496943,2.6759431321695044
0.44344344344344333,64.15268818168063,2.6635822717464914
0.4444444444444444,64.33215432819634,2.436001175143678
0.4454454454454455,64.51587086603169,2.4573450954863487
0.4464464464464464,64.32685998518383,2.4571015373993372
0.44744744744744747,63.86746640313734,2.5584681692055984
0.4484484484484485,62.26028474985978,1.9628158753976788
0.4494494494494494,62.561295089466725,2.2414890915416836
0.4504504504504505,63.63624301029395,2.7616007592708107
0.4514514514514514,63.286422409335444,2.4160676691611984
0.4524524524524525,63.65976521785655,2.107002004225888
0.4534534534534535,63.47166701646051,2.2940593198671424
0.4544544544544544,64.49948317152852,2.7296977230399238
0.4554554554554554,64.73881164844762,2.63635663488766
0.4564564564564565,64.70431968740557,2.497065792584602
0.4574574574574575,64.70002037692296,2.594655501128496
0.4584584584584585,64.37014275920419,2.3916006258079134
0.4594594594594594,66.38489258395381,3.0990565468610756
0.4604604604604605,65.66628453197981,2.5361717209030203
0.4614614614614614,65.21004486748096,2.572121086342132
0.4624624624624625,64.42749998501057,2.304861555571916
0.4634634634634634,64.40706150971626,2.3938307221170203
0.4644644644644644,65.612095769123,2.636758649445598
0.4654654654654655,65.89071029113805,2.844876021457698
0.4664664664664665,65.86272187002392,2.8602394387482244
0.4674674674674675,66.54608756869764,2.4981141843285584
0.4684684684684685,66.19620585974761,2.9825219407971115
0.4694694694694695,65.96535774436353,2.5080666056160115
0.4704704704704705,64.89836205619306,2.3460826793113565
0.4714714714714714,64.47209942275886,2.3559399488444526
0.4724724724724725,64.93577698645497,2.4273207807940813
0.4734734734734735,63.80610971718925,2.1309002464157287
0.4744744744744745,65.26888476133418,2.407878481470729
0.4754754754754755,64.88457284033089,2.479967082844573
0.4764764764764765,64.65511226433225,2.280133656290961
0.4774774774774775,64.12537194285147,2.235325522233933
0.4784784784784785,63.55325267298957,2.006740803156762
0.4794794794794795,65.63152545903813,2.3590814367717083
0.4804804804804805,67.25131387518255,2.886521260046927
0.4814814814814815,67.58623055136782,2.7194234205220806
0.4824824824824825,66.40263157957455,2.7565980357072304
0.4834834834834834,65.54332284131436,2.7151608970056387
0.4844844844844845,66.34244201114979,2.6057925868868805
0.4854854854854855,66.33360275946795,2.732876008974386
0.4864864864864865,66.38968772390918,2.615190397839122
0.4874874874874875,66.35362456971772,2.6166942202798684
0.4884884884884885,66.83751986474053,2.6689156679138986
0.4894894894894895,68.11075874419211,3.1633766759708135
0.4904904904904905,68.32617235694897,3.216707888508457
0.4914914914914914,69.40701701708507,3.4039167954042893
0.4924924924924925,69.00158988520509,3.0763205806002465
0.4934934934934935,69.37116920513532,3.4536580922678257
0.4944944944944945,68.85213112875735,3.1006699941590647
0.4954954954954955,68.92565955293011,3.13713853520376
0.4964964964964965,69.87949876509357,3.399283469166784
0.4974974974974975,69.01393046511733,2.8620956712708443
0.4984984984984985,69.56978492138069,3.3690865762192814
0.4994994994994995,70.0836718384724,3.397548664231892
0.5005005005005005,70.0301252494605,3.789449884153331
0.5015015015015015,70.01534864868931,3.4972387058832286
0.5025025025025025,69.75563293141511,3.4226450307163394
0.5035035035035035,68.71046461556969,3.4467141805726045
0.5045045045045045,69.6160588393464,2.9769597195575823
0.5055055055055055,69.07724760255945,2.8266329861620534
0.5065065065065065,70.04339826413532,3.114252030210096
0.5075075075075075,70.43210231343672,3.212828804129169
0.5085085085085085,70.45116124615686,3.4189767565536013
0.5095095095095095,70.20037513600975,3.376381033626579
0.5105105105105106,69.50536530452297,3.466918830881969
0.5115115115115115,69.2266759971326,2.9581051161413896
0.5125125125125125,70.62010125051917,3.4709126875894247
0.5135135135135135,70.03925275088801,3.3206508722354244
0.5145145145145145,70.90339898556931,3.7845180495356368
0.5155155155155156,70.44799354633571,3.54805035240087
0.5165165165165165,70.15316232111192,3.1813439222922617
0.5175175175175175,70.90569446199946,3.287903315515424
0.5185185185185185,70.00976016370248,2.871239229079002
0.5195195195195195,70.77001345212419,3.407737136728652
0.5205205205205206,70.54300130647539,3.1486879465538204
0.5215215215215215,71.6759425320097,3.490438386957032
0.5225225225225225,73.19616442790918,3.6909117660582447
0.5235235235235235,74.30815602138063,4.572548105939945
0.5245245245245245,73.58151583465438,3.843533168654135
0.5255255255255256,74.4537158710187,4.172875636655456
0.5265265265265265,74.31170930572516,4.390615144242392
0.5275275275275275,73.7296109021317,3.8456433168938426
0.5285285285285285,72.84368318759206,3.68626373385285
0.5295295295295295,74.52439204667036,4.269008216717032
0.5305305305305306,74.76388705488708,4.308283786084241
0.5315315315315315,74.77474444409586,4.546127940639058
0.5325325325325325,74.6485562009282,4.4373509972340575
0.5335335335335335,75.14656492928151,4.2046510850315
0.5345345345345345,75.06119798930483,4.1015286701888565
0.5355355355355356,74.26869349819503,4.299837332207975
0.5365365365365365,73.68192936635711,3.694520626491375
0.5375375375375375,75.35552380237141,4.200692223490068
0.5385385385385385,74.91112527198416,4.008043541302913
0.5395395395395395,75.01589251903475,4.153540173703433
0.5405405405405406,78.0785938761385,5.203645563498072
0.5415415415415415,78.84301360649297,5.7591352367852995
0.5425425425425425,80.88027400926771,5.82849181696828
0.5435435435435435,80.27581428236059,6.154736811548529
0.5445445445445445,80.97834976787682,6.542308686419301
0.5455455455455456,81.0481518223834,6.041702287492584
0.5465465465465466,80.33941864786536,6.140532113249024
0.5475475475475475,79.52228671046123,5.83472651923717
0.5485485485485485,78.37215741391195,5.196512860870557
0.5495495495495496,78.53832072788191,5.577743940981757
0.5505505505505506,78.45220843328666,5.184072083425445
0.5515515515515516,78.84810596275047,5.531773726963222
0.5525525525525525,78.43052630453181,5.542762312810761
0.5535535535535535,77.86614580311294,5.411191245264195
0.5545545545545546,77.53609534101773,4.969669891753501
0.5555555555555556,78.1461927842262,4.97459021233812
0.5565565565565566,78.5627480714435,4.97472893124162
0.5575575575575575,77.80771488363736,5.2444623912306865
0.5585585585585585,78.03664952535554,4.502770468291396
0.5595595595595596,77.68292887748997,5.1297211647605865
0.5605605605605606,76.5397819756727,4.939015268779418
0.5615615615615616,77.45180271556033,4.991325566825685
0.5625625625625625,78.46639132964928,4.947862991747884
0.5635635635635635,79.63153942822143,5.087515908397431
0.5645645645645646,78.80300616977169,5.445412064003313
0.5655655655655656,78.02916709464273,5.031697969534195
0.5665665665665666,77.55044950257998,4.841980844891275
0.5675675675675675,77.09513770482991,4.596582420367131
0.5685685685685685,77.07017862394113,4.806489291918152
0.5695695695695696,77.72972148639441,4.479206489204255
0.5705705705705706,81.13916351485051,6.155886164213971
0.5715715715715716,81.36122267208418,5.962565995582934
0.5725725725725725,80.25355867894866,5.557675307098468
0.5735735735735735,79.46994447362489,5.478931281211161
0.5745745745745746,80.22769019173741,5.111062076268646
0.5755755755755756,79.99544428192348,5.05726734907114
0.5765765765765766,79.54268802952666,4.956066059926947
0.5775775775775776,78.3741005504571,4.997510575014051
0.5785785785785785,78.90731296010686,4.870585156838578
0.5795795795795796,79.74329711565214,5.184110922627537
0.5805805805805806,80.41824359910152,5.155746337133895
0.5815815815815816,80.80797575639144,5.781512655486144
0.5825825825825826,82.80870124199953,6.165089205576395
0.5835835835835835,83.91157423572227,6.832083834121268
0.5845845845845846,83.86877540277784,6.843845144194738
0.5855855855855856,82.96477304244912,6.098888818844756
0.5865865865865866,83.76027874356579,7.0870922730052275
0.5875875875875876,84.6382591113895,6.831277649169456
0.5885885885885885,85.03748493793326,7.17872404219006
0.5895895895895896,85.2942415113762,7.130024894406917
0.5905905905905906,86.52505886583572,7.673232487940081
0.5915915915915916,85.37850815454667,7.144963051905738
0.5925925925925926,83.8032815293593,6.7317113366813865
0.5935935935935935,82.87027942905557,6.100928734884075
0.5945945945945946,84.68694987779679,7.384690575898625
0.5955955955955956,85.01592083598106,6.726636933839684
0.5965965965965966,86.7297349179896,7.405576795439955
0.5975975975975976,86.23542251912504,7.669531610738845
0.5985985985985985,86.87806277896942,7.083422436240093
0.5995995995995996,85.92716719696011,7.835422733306273
0.6006006006006006,85.68210351947947,6.809585913318431
0.6016016016016016,87.32940452265396,8.320740779269796
0.6026026026026026,88.85704704362497,9.008450193253356
0.6036036036036035,88.89300430501949,8.34965439289645
0.6046046046046046,91.58727914165851,9.794998795060545
0.6056056056056056,90.60496194715289,9.280842077550172
0.6066066066066066,90.33715529851652,8.829935724468404
0.6076076076076076,89.44464363179462,8.652575923612288
0.6086086086086087,87.9798997086522,7.586026575678891
0.6096096096096096,87.04224339719745,7.814552708416002
0.6106106106106106,86.20035100523096,7.327936379540151
0.6116116116116116,84.50917896708442,6.669273402393849
0.6126126126126126,84.91355492261052,6.798419731283536
0.6136136136136137,85.02197984523214,6.8796227176050495
0.6146146146146146,86.36802920369026,7.224526946617964
0.6156156156156156,84.92975749971284,6.949497437486242
0.6166166166166166,86.23176517602172,7.016001456390819
0.6176176176176176,87.2837159643913,7.421274517968984
0.6186186186186187,88.11459240374458,8.217164587795686
0.6196196196196196,89.08054121418354,8.681095615021846
0.6206206206206206,89.78889506863597,8.79074193254079
0.6216216216216216,89.72532798365349,8.785631013929345
0.6226226226226226,89.41886346726045,8.816940376450932
0.6236236236236237,90.35717287547709,8.819755759612137
0.6246246246246246,90.68965034396177,8.512763274102388
0.6256256256256256,89.89519322020217,8.874354356643957
0.6266266266266266,91.21090870746694,9.017150028586123
0.6276276276276276,90.37571266531721,8.791538490753569
0.6286286286286287,89.40997059880505,8.05531329646237
0.6296296296296297,91.92534887166016,9.697850957438108
0.6306306306306306,90.84309656606588,9.32576891743633
0.6316316316316316,90.95465223068531,7.932085788020357
0.6326326326326326,91.84954595466641,8.830881179059773
0.6336336336336337,92.86679165522284,9.885931799942803
0.6346346346346347,93.3833288133448,9.960176895661467
0.6356356356356356,94.55869574367945,10.524310313172265
0.6366366366366366,96.04098359296978,11.644992022367282
0.6376376376376376,95.50492205078454,11.234579290265017
0.6386386386386387,96.90588269009936,12.266037381503235
0.6396396396396397,97.58490522325909,12.92433214466488
0.6406406406406406,98.87843664579071,12.833443923958255
0.6416416416416416,99.63331680634288,13.303168880496834
0.6426426426426426,100.12305551168737,13.186098955771568
0.6436436436436437,101.69325830825078,14.58311486100075
0.6446446446446447,102.58380044035853,15.01546281072972
0.6456456456456456,100.8282479710941,13.514558476508073
0.6466466466466466,100.44223493999328,13.61325320825607
0.6476476476476476,102.251881956187,14.207244808634295
0.6486486486486487,101.09631438536827,14.25402329854366
0.6496496496496497,103.31820644038835,15.22911512606359
0.6506506506506506,105.71889795670359,16.525297820253954
0.6516516516516516,103.07192353991863,14.898762169180076
0.6526526526526526,104.31136767084877,16.529331600943284
0.6536536536536537,107.36053828155563,18.580711452711324
0.6546546546546547,108.9837799449988,19.231867540619618
0.6556556556556556,108.0840295659833,18.679424522078868
0.6566566566566566,109.15544623899336,18.883615332009136
0.6576576576576576,109.78702861742836,19.522958092941668
0.6586586586586587,108.33809710783623,17.92028740053822
0.6596596596596597,109.53696246983131,19.798583901948838
0.6606606606606606,110.71268261302372,19.149574160013174
0.6616616616616616,110.47004062776985,20.05163717443214
0.6626626626626626,108.56180375340351,17.789191609503877
0.6636636636636637,106.73255928198452,17.839232037299574
0.6646646646646647,103.95836214455996,14.979473740342794
0.6656656656656657,103.81361453674525,15.127266572736506
0.6666666666666666,103.58532277943621,16.2240383482917
0.6676676676676676,104.13942889676943,15.359351733618418
0.6686686686686687,104.87575995881822,16.079623241746248
0.6696696696696697,103.26907163421008,15.355291967303087
0.6706706706706707,103.84151317105312,15.372107143504776
0.6716716716716716,104.39805875337922,15.961278018317447
0.6726726726726726,105.88785532695448,16.01397168353647
0.6736736736736737,105.88473589007931,16.27435960005888
0.6746746746746747,104.22430854408314,15.633846465008508
0.6756756756756757,103.10556632675386,13.619995563599321
0.6766766766766766,100.87428559362637,13.645813814347015
0.6776776776776777,101.12499053404869,13.29991296720619
0.6786786786786787,99.4904605549317,12.41407122549483
0.6796796796796797,95.82776549402044,9.961294732511357
0.6806806806806807,96.6139713654866,10.98833869482143
0.6816816816816816,96.49302016647897,10.567768644293231
0.6826826826826827,95.6989133514072,10.236502325395861
0.6836836836836837,96.7225241745862,10.649130822684914
0.6846846846846847,97.47057834605651,11.095109719017689
0.6856856856856857,97.95134449328695,11.132242045949914
0.6866866866866866,96.7133420247114,11.391868678847338
0.6876876876876877,96.30930337159731,10.883136667944584
0.6886886886886887,97.17023941670168,10.642504335247983
0.6896896896896897,96.57403680123998,10.51214348258838
0.6906906906906907,96.6207435135602,11.131448297617066
0.6916916916916916,96.1135132150519,9.487956933767492
0.6926926926926927,96.76648077266272,11.73596244146609
0.6936936936936937,93.79055273413178,9.630371611378866
0.6946946946946947,95.13754614470331,10.016563982630002
0.6956956956956957,96.18267621718981,11.076365704371078
0.6966966966966966,95.91077209847063,10.462671908324275
0.6976976976976977,94.81795433570171,9.68037738643431
0.6986986986986987,96.55088625564846,10.3677393387653
0.6996996996996997,95.14207346383868,10.278213924194894
0.7007007007007007,95.96213420976973,9.954102606651432
0.7017017017017017,96.83852531858578,10.49492201990581
0.7027027027027027,95.58087592840376,9.714934451317557
0.7037037037037037,93.45374869943443,8.626151117031666
0.7047047047047047,92.102971737482,8.492364030567872
0.7057057057057057,90.8077257043105,7.206148142590753
0.7067067067067067,89.81533963122776,6.918129147764717
0.7077077077077077,89.67555305018905,7.036280379003952
0.7087087087087087,89.07714599956735,6.701018244663059
0.7097097097097097,87.82891518218773,5.916492449588297
0.7107107107107107,87.82990323134901,6.110206755001994
0.7117117117117117,87.32296588394631,6.071699195122866
0.7127127127127127,87.2275347377177,5.69667475768996
0.7137137137137137,87.66081839065652,6.741454691088312
0.7147147147147147,84.85069935081903,5.14337436095077
0.7157157157157157,86.87556215400663,5.90711201510951
0.7167167167167167,87.14237916813583,5.654840520968497
0.7177177177177178,89.37680477580153,6.97102302911617
0.7187187187187187,91.26589209929205,7.071439236890659
0.7197197197197197,91.582202705738,7.389865399516571
0.7207207207207207,92.02640209882492,7.9003051037450325
0.7217217217217217,90.14413682214092,6.6538842672446
0.7227227227227228,91.09037283441052,6.899084181052079
0.7237237237237237,90.5729804469425,7.264670135194291
0.7247247247247247,90.40856311721598,6.906614346365348
0.7257257257257257,89.88013296511704,6.509995574953804
0.7267267267267267,91.04241028569464,7.629207879117696
0.7277277277277278,90.70524152598169,6.76522630162718
0.7287287287287287,90.33714243479258,6.924792474057528
0.7297297297297297,91.73662759387804,7.85078364698369
0.7307307307307307,92.80396214909004,8.099690161813271
0.7317317317317317,94.33057448273476,8.130563457503449
0.7327327327327328,95.79337547045773,9.801579657330176
0.7337337337337337,95.3714235429658,10.04901350256416
0.7347347347347347,94.9883782742151,9.008348232539646
0.7357357357357357,93.16214321882788,7.849726059450073
0.7367367367367368,94.35665609078077,8.98373032601879
0.7377377377377378,94.52540661751759,8.941417117839126
0.7387387387387387,94.43561024454685,8.470056148581426
0.7397397397397397,95.40167314807178,9.03441462282072
0.7407407407407407,97.30554647698068,10.248335797782742
0.7417417417417418,97.49405726735694,9.752718368391207
0.7427427427427428,97.90667816428478,9.67814088248562
0.7437437437437437,98.33177281886131,10.893416017796996
0.7447447447447447,95.68123270039473,8.727922104101397
0.7457457457457457,95.12243822876002,8.497233158552143
0.7467467467467468,94.20396807795548,7.943945535435617
0.7477477477477478,95.01293862392151,9.127556192697304
0.7487487487487487,94.52839345868773,8.171694710706081
0.7497497497497497,94.67251992410627,7.986864095851161
0.7507507507507507,97.41434372628893,10.539753577459678
0.7517517517517518,97.78323093776112,9.219028303134445
0.7527527527527528,97.16561382227002,8.921554728075035
0.7537537537537538,94.9450492294812,8.907627094364896
0.7547547547547547,94.94884401773086,8.140289255416224
0.7557557557557557,96.2000130305865,8.702141446865006
0.7567567567567568,97.05192400611288,9.238727545916197
0.7577577577577578,102.09337479711505,12.220704289192414
0.7587587587587588,100.20379753837513,10.471551925978961
0.7597597597597597,100.31576455686942,11.059220411795303
0.7607607607607607,98.74700056484464,10.314291938092698
0.7617617617617618,98.12678609503706,9.395691681504402
0.7627627627627628,99.1916578166596,9.908853415171697
0.7637637637637638,98.72706708226795,10.29045140491935
0.7647647647647647,99.44459103675415,10.574934487342357
0.7657657657657657,96.9843924289598,8.50427721334874
0.7667667667667668,94.37327357420092,7.924207059389097
0.7677677677677678,95.56883491217607,8.522985571681547
0.7687687687687688,95.73369161669928,8.396613271513077
0.7697697697697697,95.69135474317301,7.860370430358638
0.7707707707707707,94.90196328738834,8.309258385426427
0.7717717717717718,95.85929440216096,8.630121324238456
0.7727727727727728,96.50396064934328,8.54039622260717
0.7737737737737738,96.79617954542324,8.994929128253952
0.7747747747747747,97.15530876789046,8.452488329846526
0.7757757757757757,95.82615864861536,8.58552259426325
0.7767767767767768,95.22424491727206,7.537631003636854
0.7777777777777778,95.33371000226069,7.912920482730887
0.7787787787787788,95.07748334677315,8.48472839368774
0.7797797797797797,94.56517471292273,7.839191716971566
0.7807807807807807,93.34661225334007,6.64615994926043
0.7817817817817818,92.50301545414145,6.8883910444872605
0.7827827827827828,92.38659733425581,6.71583231650505
0.7837837837837838,92.51192362575416,6.5257189203370665
0.7847847847847848,90.81144890118357,5.768251565339592
0.7857857857857857,89.91407031667289,5.369452397510924
0.7867867867867868,92.71189305484036,6.389574476895542
0.7877877877877878,91.22893503994236,6.171192360814968
0.7887887887887888,92.1224828626867,6.1303621644822615
0.7897897897897898,92.94845351717514,6.607268094329237
0.7907907907907907,96.55060991068278,7.990951585137803
0.7917917917917918,95.82327689063528,7.872795643599863
0.7927927927927928,95.46877880682119,7.552996555821904
0.7937937937937938,95.089186634163,7.6241008535861345
0.7947947947947948,95.15673674294419,7.2606564139823915
0.7957957957957957,94.37508215557892,6.912425445981506
0.7967967967967968,94.94033941185869,7.274063523059739
0.7977977977977978,94.57268378983969,7.192330550664757
0.7987987987987988,93.45964061036413,6.503086055824475
0.7997997997997998,92.01935780434596,5.74395592581258
0.8008008008008007,92.09977217084447,6.112348848130992
0.8018018018018018,92.97748515500166,6.238506897064495
0.8028028028028028,92.44308113540735,6.50875259641593
0.8038038038038038,91.44636323498436,6.226967975413877
0.8048048048048048,90.19500950956798,5.382643509467737
0.8058058058058059,92.45813657043301,5.711807151416089
0.8068068068068068,93.03817766432851,6.523009743562202
0.8078078078078078,93.50628380043705,6.827811213337815
0.8088088088088088,95.06416455124388,6.950900337712879
0.8098098098098098,94.97815206069424,6.6161383897762684
0.8108108108108109,94.47655646888278,6.737579468387623
0.8118118118118118,94.88590488996687,7.186948787889083
0.8128128128128128,94.78116344067949,7.466367895831429
0.8138138138138138,94.77898123029057,7.168806282273202
0.8148148148148148,96.2057438966164,7.529866302943458
0.8158158158158159,95.97659939887406,7.517954089155208
0.8168168168168168,94.85256334866844,6.8998881107776135
0.8178178178178178,93.51262238330614,6.0151925268711075
0.8188188188188188,93.09930013750156,6.5468143677947
0.8198198198198198,93.92269242183157,6.21798318217287
0.8208208208208209,93.57403386501969,6.143812318968868
0.8218218218218218,93.5341944995158,5.869318653362741
0.8228228228228228,93.48920813877524,6.510729516432999
0.8238238238238238,95.45336353960523,7.236497843424446
0.8248248248248248,93.20366851237962,5.632781172262477
0.8258258258258259,92.38650167883353,5.579209046704562
0.8268268268268268,93.3275208237056,6.12633094644383
0.8278278278278278,95.06177048295359,6.452022950132831
0.8288288288288288,94.71885509501301,6.175967492981039
0.8298298298298298,94.58038984381493,6.537833255694542
0.8308308308308309,94.01414082401695,6.251339148232237
0.8318318318318318,95.354002962841,7.153051253744787
0.8328328328328328,95.41317099414916,7.0712549995852525
0.8338338338338338,93.74615755968837,6.065753689701273
0.8348348348348348,94.25311636539637,6.066985372738804
0.8358358358358359,94.267004937531,6.277479826741152
0.8368368368368369,93.78353024299463,5.525970924703191
0.8378378378378378,93.60319734718264,5.711276388674533
0.8388388388388388,93.26851016945992,5.644700186989334
0.8398398398398398,93.07850655568248,5.630956011996566
0.8408408408408409,95.44841087000613,6.755980897991757
0.8418418418418419,93.96845224381217,5.586736229285956
0.8428428428428428,93.8368513383808,5.480381883453053
0.8438438438438438,95.31828963884298,6.240756534386377
0.8448448448448448,93.18553734577354,5.530814203733606
0.8458458458458459,92.73161535584988,5.132563905475388
0.8468468468468469,93.01984367617436,5.165146507559314
0.8478478478478478,92.10253254012746,4.717937822164771
0.8488488488488488,91.59660594411345,4.427191602864938
0.8498498498498498,92.98564122827456,5.231676986289379
0.8508508508508509,92.85376875269579,4.851245442110801
0.8518518518518519,93.6103005202943,5.4335123392459135
0.8528528528528528,94.32209145508419,5.745286034267128
0.8538538538538538,93.31731548844816,5.19242331884199
0.8548548548548548,93.14832541321613,5.400751672134357
0.8558558558558559,92.87547601501934,4.6001489479604185
0.8568568568568569,91.79528864922695,4.121558895185462
0.8578578578578578,89.67293389485859,3.8172395851575587
0.8588588588588588,87.69081191092444,3.360777584773193
0.8598598598598598,88.69470534892002,3.0140971312963214
0.8608608608608609,88.31075819577629,3.258464299615057
0.8618618618618619,89.46315868104848,3.4336132959822425
0.8628628628628628,90.1316517153543,4.027328344051582
0.8638638638638638,89.60641904128158,3.411478636148813
0.8648648648648649,90.6271890518724,3.5967546759295432
0.8658658658658659,89.14243760019079,3.507151388756162
0.8668668668668669,89.04420997040182,2.9895232364706206
0.8678678678678678,87.97088944571867,2.913576921065586
0.8688688688688688,88.22379440990997,2.8615930096132285
0.8698698698698699,88.58660799917253,2.9282990851797193
0.8708708708708709,87.83957535702295,2.7713930722991544
0.8718718718718719,88.46310269338964,3.1204498736351787
0.8728728728728729,87.4834951801639,2.757215190166871
0.8738738738738738,88.84819850988106,2.7439426303327075
0.8748748748748749,89.59314699603722,2.9912544517893904
0.8758758758758759,89.78468969179751,3.47127299667437
0.8768768768768769,87.34948157981394,2.5497982559559875
0.8778778778778779,88.77205204253784,3.0250818307567053
0.8788788788788788,87.66295662502871,2.4898485135170536
0.8798798798798799,87.11193097699227,2.567831108133612
0.8808808808808809,88.98861928690177,3.084023875644198
0.8818818818818819,87.5718547091535,2.5611777024887723
0.8828828828828829,87.34200607699383,2.69001839342209
0.8838838838838838,87.39893727791164,2.353774437002489
0.8848848848848849,88.1460315334047,2.6095145805536495
0.8858858858858859,90.18621819645922,2.9369850972379425
0.8868868868868869,90.63447076468915,2.9496000463156995
0.8878878878878879,91.18864718573096,3.2535129187487155
0.8888888888888888,88.95835963614306,2.560520526657939
0.8898898898898899,89.41958370633458,2.6841163773286882
0.8908908908908909,88.38501084351299,2.152198947876246
0.8918918918918919,88.13770436384505,2.3874330963201116
0.8928928928928929,87.49203516617868,2.085967261985313
0.8938938938938938,87.11077674649145,1.8392529638864434
0.8948948948948949,86.8952007137654,1.9250842073179728
0.8958958958958959,86.13745829247055,1.789700524690066
0.8968968968968969,87.42648342830117,2.107746004622485
0.8978978978978979,87.09082462565826,1.7846851256453884
0.8988988988988988,86.15542953128471,1.63755933723017
0.8998998998998999,87.66343773209215,2.0983797014519143
0.9009009009009008,88.31016438851385,1.7680929008421227
0.901901901901902,87.59423512812826,1.9943029097453329
0.9029029029029028,86.88662559450184,1.8924674263873966
0.9039039039039038,87.58546898850706,1.981008395753974
0.9049049049049048,86.83581451637615,1.758353975970422
0.905905905905906,86.57510199270342,1.5312526912175763
0.9069069069069068,85.19149801037254,1.318583682384954
0.907907907907908,85.63928355514918,1.3515682305699686
0.9089089089089089,85.66569587673484,1.4077023922951035
0.90990990990991,86.6198887144362,1.5311492523182477
0.9109109109109108,88.65212854997387,2.054777085403147
0.911911911911912,88.87722191156672,2.2958158383718468
0.9129129129129128,90.72045287466543,2.4198286780861866
0.913913913913914,90.08209452158935,2.5804043791343356
0.914914914914915,91.65305998037736,2.684971567025208
0.915915915915916,92.36672213293379,2.865157050517628
0.9169169169169168,95.03254806040177,3.6596780891592853
0.917917917917918,94.85569445955143,3.5485533693388973
0.9189189189189187,94.50333935410912,3.5232918011456587
0.9199199199199202,94.4028040640602,3.3727565906414223
0.9209209209209208,93.6678972419882,3.1202657844495594
0.921921921921922,92.08412515490849,2.5080122710956783
0.9229229229229228,92.61714748883986,2.7722529391379322
0.923923923923924,91.39504631794071,2.261565710092016
0.9249249249249252,91.85682087531981,2.452550163436784
0.925925925925926,92.53331274450106,2.5654232699114328
0.9269269269269268,92.15472953053045,2.5427093684610087
0.927927927927928,91.84820822258163,2.34361260297941
0.9289289289289288,91.97139679126946,2.4695726399972786
0.9299299299299301,92.62037339134912,2.4816402386406264
0.9309309309309308,93.39765161721382,2.7319678826148013
0.931931931931932,94.09491871453821,2.810457881323256
0.9329329329329328,93.91262744528645,2.6323177387166945
0.9339339339339341,94.67009350626364,2.9857454827977907
0.9349349349349351,94.50118782010229,2.883510525302852
0.935935935935936,96.45371894094113,3.825975288088426
0.9369369369369368,96.121485681719,3.702138414807161
0.937937937937938,96.8303397987712,3.804683788276336
0.9389389389389391,95.80265732376137,3.2995131907725996
0.93993993993994,93.09751946380236,2.327063443195822
0.9409409409409408,93.65757579420406,2.223035466844101
0.941941941941942,94.64353186470932,2.577279073167328
0.9429429429429428,95.15609787038716,3.1706875587294654
0.9439439439439441,94.86040839742789,2.745210362801197
0.944944944944945,94.64708683245412,2.4756061843261516
0.945945945945946,94.67138569853607,2.542868521885621
0.9469469469469468,98.20363973735004,3.952151263850566
0.947947947947948,98.52360495222456,3.919512763606526
0.9489489489489491,99.01175551025996,3.9606007803549055
0.94994994994995,99.50564790465069,4.358039496145261
0.950950950950951,99.47901585653713,4.198969006239257
0.951951951951952,100.93125269408964,5.158375463832405
0.9529529529529528,99.99653787436621,4.232838031294941
0.9539539539539541,100.92510529393992,4.892236403204577
0.954954954954955,100.93954850976827,4.778025988910716
0.955955955955956,100.56125528651393,4.515024618815209
0.9569569569569568,99.02792595219371,3.693359866793965
0.957957957957958,99.59664265461755,3.9286734000558163
0.9589589589589591,102.13994299329303,5.48492398546403
0.95995995995996,100.89768312905625,4.6216439165990835
0.960960960960961,100.95506278687418,4.563135832381558
0.961961961961962,98.80450879723492,3.338559046980233
0.9629629629629628,99.2531442964637,3.3803040701711335
0.9639639639639641,97.88812760534321,2.7887279885620795
0.964964964964965,98.80483334331491,3.21937109119718
0.965965965965966,97.99389554526807,2.8693554408553132
0.9669669669669668,99.27402322788932,3.371570955958355
0.967967967967968,102.29845107370508,4.947767404256267
0.9689689689689691,101.47295285134828,4.4684735306634025
0.96996996996997,101.90052185990812,4.586507496986667
0.970970970970971,102.21756589040527,4.61203415623698
0.971971971971972,102.54182828233371,4.873517896532605
0.9729729729729728,101.99208807579404,4.3030512061913555
0.9739739739739741,102.86155335603307,4.773293705530053
0.974974974974975,99.68264199720508,3.016375366320577
0.975975975975976,101.48518534122393,3.7757167880933267
0.9769769769769768,102.132912318869,4.288730617746272
0.977977977977978,101.3756059930176,3.724686191938622
0.978978978978979,100.81600455856146,3.223857731339163
0.97997997997998,101.00500500029531,3.326791983364206
0.980980980980981,100.40523929205335,2.9284916794139497
0.981981981981982,99.1484687479104,2.212943484988905
0.9829829829829828,98.39562719730782,1.7197654336709578
0.983983983983984,97.16759287439241,1.211176176581566
0.984984984984985,96.82056164016258,1.034159072577252
0.985985985985986,95.2948029491832,0.6834553766968947
0.986986986986987,96.54727238471102,0.844779122335065
0.987987987987988,96.6251799622583,0.8213010894825409
0.988988988988989,93.66987685204585,0.32948544269966296
0.98998998998999,92.76010714135599,0.21529536420275472
0.990990990990991,92.59315519689576,0.1709732318388934
0.991991991991992,91.47540911147318,0.1090542947025452
0.9929929929929928,92.2161511759105,0.1552679663299514
0.993993993993994,91.78949493101463,0.09612803936919134
0.994994994994995,92.18055136096542,0.06478544734777066
0.995995995995996,92.50377501625576,0.07312810197907946
0.996996996996997,92.048805692774,0.04695133128876612
0.997997997997998,92.22548072854114,0.03036891644516015
0.998998998998999,92.62910442604723,0.01122408486965706
1.0,93.30503499526482,0.0
