\begin{tikzpicture}
\begin{axis}[title=Call price surface, colormap/cool]
\addplot3[mesh,]
 coordinates {
(0.0, 1.0, 0.0) (0.05263157894736842, 1.0, 1.2711310619787809e-73) (0.10526315789473684, 1.0, 1.635945408240489e-40) (0.15789473684210525, 1.0, 2.311237689295037e-30) (0.21052631578947367, 1.0, 4.94118357581085e-29) (0.2631578947368421, 1.0, 1.482950176064908e-23) (0.3157894736842105, 1.0, 1.9519903745523e-18) (0.3684210526315789, 1.0, 2.266520652218845e-19) (0.42105263157894735, 1.0, 1.7552888447578743e-17) (0.4736842105263158, 1.0, 2.0364364601135484e-14) (0.5263157894736842, 1.0, 8.342706965191228e-12) (0.5789473684210527, 1.0, 5.4141165401698094e-12) (0.631578947368421, 1.0, 1.599701964159278e-09) (0.6842105263157894, 1.0, 6.532797872932028e-12) (0.7368421052631579, 1.0, 1.840639298701009e-11) (0.7894736842105263, 1.0, 2.642760831944296e-10) (0.8421052631578947, 1.0, 4.110016486439185e-11) (0.8947368421052628, 1.0, 1.2241867409004536e-10) (0.9473684210526316, 1.0, 8.514360091229447e-08) (1.0, 1.0, 9.315244361915646e-09) 

(0.0, 8.315789473684209, 0.0) (0.05263157894736842, 8.315789473684209, 9.4818638581836e-12) (0.10526315789473684, 8.315789473684209, 2.7571182241389955e-08) (0.15789473684210525, 8.315789473684209, 1.8386560473914825e-07) (0.21052631578947367, 8.315789473684209, 3.3429961263146644e-07) (0.2631578947368421, 8.315789473684209, 5.833782187631924e-06) (0.3157894736842105, 8.315789473684209, 7.2842824361818615e-06) (0.3684210526315789, 8.315789473684209, 1.8067128361675247e-05) (0.42105263157894735, 8.315789473684209, 0.00020251954543196385) (0.4736842105263158, 8.315789473684209, 7.303029411200261e-05) (0.5263157894736842, 8.315789473684209, 0.00032434534431804817) (0.5789473684210527, 8.315789473684209, 0.0004030744394703346) (0.631578947368421, 8.315789473684209, 0.0009946857278088383) (0.6842105263157894, 8.315789473684209, 0.0013887007633734526) (0.7368421052631579, 8.315789473684209, 0.002432826247579628) (0.7894736842105263, 8.315789473684209, 0.002508228786162918) (0.8421052631578947, 8.315789473684209, 0.003340960883073069) (0.8947368421052628, 8.315789473684209, 0.004981093124723274) (0.9473684210526316, 8.315789473684209, 0.006534316226126668) (1.0, 8.315789473684209, 0.005542440273478858) 

(0.0, 15.63157894736842, 0.0) (0.05263157894736842, 15.63157894736842, 1.7510910620861587e-07) (0.10526315789473684, 15.63157894736842, 3.7492994213456137e-06) (0.15789473684210525, 15.63157894736842, 2.6846812757352475e-05) (0.21052631578947367, 15.63157894736842, 0.0008149720285659335) (0.2631578947368421, 15.63157894736842, 0.00044511228909627714) (0.3157894736842105, 15.63157894736842, 0.0010666167106719536) (0.3684210526315789, 15.63157894736842, 0.003558713754242765) (0.42105263157894735, 15.63157894736842, 0.004989663596852301) (0.4736842105263158, 15.63157894736842, 0.01015263427767375) (0.5263157894736842, 15.63157894736842, 0.008690432856595542) (0.5789473684210527, 15.63157894736842, 0.017226582508587208) (0.631578947368421, 15.63157894736842, 0.019479189357613) (0.6842105263157894, 15.63157894736842, 0.03454517405111522) (0.7368421052631579, 15.63157894736842, 0.038162151371674335) (0.7894736842105263, 15.63157894736842, 0.045077664472836336) (0.8421052631578947, 15.63157894736842, 0.05953380601094568) (0.8947368421052628, 15.63157894736842, 0.0691157982444093) (0.9473684210526316, 15.63157894736842, 0.09847185313238133) (1.0, 15.63157894736842, 0.1061957517027669) 

(0.0, 22.947368421052627, 0.0) (0.05263157894736842, 22.947368421052627, 5.084221030084646e-06) (0.10526315789473684, 22.947368421052627, 0.0001866731208782408) (0.15789473684210525, 22.947368421052627, 0.001138168047638918) (0.21052631578947367, 22.947368421052627, 0.002448966660330594) (0.2631578947368421, 22.947368421052627, 0.008857277203597679) (0.3157894736842105, 22.947368421052627, 0.012009149868726612) (0.3684210526315789, 22.947368421052627, 0.02585893417113413) (0.42105263157894735, 22.947368421052627, 0.03169914034282155) (0.4736842105263158, 22.947368421052627, 0.05243022081464221) (0.5263157894736842, 22.947368421052627, 0.07956615220755638) (0.5789473684210527, 22.947368421052627, 0.09664031259733892) (0.631578947368421, 22.947368421052627, 0.13526631547385287) (0.6842105263157894, 22.947368421052627, 0.19999994469712906) (0.7368421052631579, 22.947368421052627, 0.2091492209603374) (0.7894736842105263, 22.947368421052627, 0.27539521976457626) (0.8421052631578947, 22.947368421052627, 0.3217115737663569) (0.8947368421052628, 22.947368421052627, 0.3845700597342877) (0.9473684210526316, 22.947368421052627, 0.4413201038985207) (1.0, 22.947368421052627, 0.504890550021702) 

(0.0, 30.26315789473684, 0.0) (0.05263157894736842, 30.26315789473684, 0.00021636824009878798) (0.10526315789473684, 30.26315789473684, 0.0017882370231065577) (0.15789473684210525, 30.26315789473684, 0.00716775354450988) (0.21052631578947367, 30.26315789473684, 0.01975918607235236) (0.2631578947368421, 30.26315789473684, 0.04874450193736063) (0.3157894736842105, 30.26315789473684, 0.07080961302888149) (0.3684210526315789, 30.26315789473684, 0.10465180326375344) (0.42105263157894735, 30.26315789473684, 0.15105792831627313) (0.4736842105263158, 30.26315789473684, 0.2267687926081301) (0.5263157894736842, 30.26315789473684, 0.2825723192389609) (0.5789473684210527, 30.26315789473684, 0.3739933070469711) (0.631578947368421, 30.26315789473684, 0.4750278753554938) (0.6842105263157894, 30.26315789473684, 0.5438405894870204) (0.7368421052631579, 30.26315789473684, 0.6795227070940679) (0.7894736842105263, 30.26315789473684, 0.7498510247091813) (0.8421052631578947, 30.26315789473684, 0.8476686739278232) (0.8947368421052628, 30.26315789473684, 1.048321061040062) (0.9473684210526316, 30.26315789473684, 1.0993835677771415) (1.0, 30.26315789473684, 1.1965468197751148) 

(0.0, 37.578947368421055, 0.0) (0.05263157894736842, 37.578947368421055, 0.0021917242763076408) (0.10526315789473684, 37.578947368421055, 0.013259616221940902) (0.15789473684210525, 37.578947368421055, 0.030974470937349414) (0.21052631578947367, 37.578947368421055, 0.07355745025103849) (0.2631578947368421, 37.578947368421055, 0.16348489377861292) (0.3157894736842105, 37.578947368421055, 0.2484669383893498) (0.3684210526315789, 37.578947368421055, 0.33362297852338396) (0.42105263157894735, 37.578947368421055, 0.4358994515548125) (0.4736842105263158, 37.578947368421055, 0.6507078441280381) (0.5263157894736842, 37.578947368421055, 0.728730618367787) (0.5789473684210527, 37.578947368421055, 0.9136515018551707) (0.631578947368421, 37.578947368421055, 1.171710638308976) (0.6842105263157894, 37.578947368421055, 1.38668878159678) (0.7368421052631579, 37.578947368421055, 1.5592431151440334) (0.7894736842105263, 37.578947368421055, 1.7915773820548444) (0.8421052631578947, 37.578947368421055, 1.8869351524364868) (0.8947368421052628, 37.578947368421055, 2.177366528346691) (0.9473684210526316, 37.578947368421055, 2.461897962651922) (1.0, 37.578947368421055, 2.5418172276527233) 

(0.0, 44.89473684210525, 0.0) (0.05263157894736842, 44.89473684210525, 0.008735629594718604) (0.10526315789473684, 44.89473684210525, 0.04869627581296259) (0.15789473684210525, 44.89473684210525, 0.14347825384390864) (0.21052631578947367, 44.89473684210525, 0.26026781675108296) (0.2631578947368421, 44.89473684210525, 0.4563272006082185) (0.3157894736842105, 44.89473684210525, 0.5973045078091729) (0.3684210526315789, 44.89473684210525, 0.8823334960698046) (0.42105263157894735, 44.89473684210525, 1.0900302283331185) (0.4736842105263158, 44.89473684210525, 1.3178891517037497) (0.5263157894736842, 44.89473684210525, 1.6045274439567796) (0.5789473684210527, 44.89473684210525, 1.944196025460392) (0.631578947368421, 44.89473684210525, 2.107769535163056) (0.6842105263157894, 44.89473684210525, 2.571239706382175) (0.7368421052631579, 44.89473684210525, 2.8743122242566965) (0.7894736842105263, 44.89473684210525, 3.1781428815264934) (0.8421052631578947, 44.89473684210525, 3.415127743768542) (0.8947368421052628, 44.89473684210525, 3.735004904507127) (0.9473684210526316, 44.89473684210525, 4.077055981411848) (1.0, 44.89473684210525, 4.359838736278544) 

(0.0, 52.21052631578947, 0.0) (0.05263157894736842, 52.21052631578947, 0.041872517821787435) (0.10526315789473684, 52.21052631578947, 0.13769982164725506) (0.15789473684210525, 52.21052631578947, 0.3766765817407578) (0.21052631578947367, 52.21052631578947, 0.6225330383120853) (0.2631578947368421, 52.21052631578947, 0.9114837685872892) (0.3157894736842105, 52.21052631578947, 1.3214521013383949) (0.3684210526315789, 52.21052631578947, 1.7530629538004296) (0.42105263157894735, 52.21052631578947, 2.1072693138841463) (0.4736842105263158, 52.21052631578947, 2.496715090085148) (0.5263157894736842, 52.21052631578947, 3.0238450717882372) (0.5789473684210527, 52.21052631578947, 3.3989609641831433) (0.631578947368421, 52.21052631578947, 3.757717700575502) (0.6842105263157894, 52.21052631578947, 4.309817733117628) (0.7368421052631579, 52.21052631578947, 4.733592175450721) (0.7894736842105263, 52.21052631578947, 4.882879626986468) (0.8421052631578947, 52.21052631578947, 5.176456445150974) (0.8947368421052628, 52.21052631578947, 5.954931860741862) (0.9473684210526316, 52.21052631578947, 6.4972135071524715) (1.0, 52.21052631578947, 6.560795586389501) 

(0.0, 59.526315789473685, 0.0) (0.05263157894736842, 59.526315789473685, 0.11947855107728292) (0.10526315789473684, 59.526315789473685, 0.4379665772350094) (0.15789473684210525, 59.526315789473685, 0.8472177841483102) (0.21052631578947367, 59.526315789473685, 1.292869532150536) (0.2631578947368421, 59.526315789473685, 1.7500052983542502) (0.3157894736842105, 59.526315789473685, 2.472881794521724) (0.3684210526315789, 59.526315789473685, 3.0953292215060277) (0.42105263157894735, 59.526315789473685, 3.657181436931309) (0.4736842105263158, 59.526315789473685, 4.324451494269348) (0.5263157894736842, 59.526315789473685, 4.72260516640344) (0.5789473684210527, 59.526315789473685, 5.607612402068952) (0.631578947368421, 59.526315789473685, 5.912459310128981) (0.6842105263157894, 59.526315789473685, 6.393244424556428) (0.7368421052631579, 59.526315789473685, 7.128688915407275) (0.7894736842105263, 59.526315789473685, 7.545753128652356) (0.8421052631578947, 59.526315789473685, 8.267577094980147) (0.8947368421052628, 59.526315789473685, 8.586885269312617) (0.9473684210526316, 59.526315789473685, 9.246960649628189) (1.0, 59.526315789473685, 9.017871946794992) 

(0.0, 66.84210526315789, 0.0) (0.05263157894736842, 66.84210526315789, 0.3227618498965415) (0.10526315789473684, 66.84210526315789, 1.0315051473212196) (0.15789473684210525, 66.84210526315789, 1.6698715065370875) (0.21052631578947367, 66.84210526315789, 2.5513605721389907) (0.2631578947368421, 66.84210526315789, 3.2819634796064925) (0.3157894736842105, 66.84210526315789, 4.1032219970406585) (0.3684210526315789, 66.84210526315789, 5.078216717000778) (0.42105263157894735, 66.84210526315789, 5.500464690621111) (0.4736842105263158, 66.84210526315789, 6.359036858294664) (0.5263157894736842, 66.84210526315789, 7.164962478888725) (0.5789473684210527, 66.84210526315789, 7.821229705522678) (0.631578947368421, 66.84210526315789, 8.784641144207772) (0.6842105263157894, 66.84210526315789, 9.124428044641569) (0.7368421052631579, 66.84210526315789, 9.869173355295203) (0.7894736842105263, 66.84210526315789, 10.724596376114288) (0.8421052631578947, 66.84210526315789, 11.269169593893993) (0.8947368421052628, 66.84210526315789, 11.713048174703026) (0.9473684210526316, 66.84210526315789, 11.773766577430955) (1.0, 66.84210526315789, 13.042473247126356) 

(0.0, 74.15789473684211, 0.0) (0.05263157894736842, 74.15789473684211, 0.7694513679180184) (0.10526315789473684, 74.15789473684211, 1.9243863078549013) (0.15789473684210525, 74.15789473684211, 3.1614385688600826) (0.21052631578947367, 74.15789473684211, 4.193986920589328) (0.2631578947368421, 74.15789473684211, 5.267550596448482) (0.3157894736842105, 74.15789473684211, 6.3030637729724655) (0.3684210526315789, 74.15789473684211, 7.583376762172028) (0.42105263157894735, 74.15789473684211, 8.424272786289674) (0.4736842105263158, 74.15789473684211, 9.134512569896026) (0.5263157894736842, 74.15789473684211, 10.257031825161482) (0.5789473684210527, 74.15789473684211, 10.993798365349264) (0.631578947368421, 74.15789473684211, 11.505843031067922) (0.6842105263157894, 74.15789473684211, 12.498030918632125) (0.7368421052631579, 74.15789473684211, 13.549208140730858) (0.7894736842105263, 74.15789473684211, 13.655461125253927) (0.8421052631578947, 74.15789473684211, 14.101368833433288) (0.8947368421052628, 74.15789473684211, 15.674531498019538) (0.9473684210526316, 74.15789473684211, 15.643330024792487) (1.0, 74.15789473684211, 16.40131350361768) 

(0.0, 81.47368421052632, 0.0) (0.05263157894736842, 81.47368421052632, 1.66532288475349) (0.10526315789473684, 81.47368421052632, 3.3301839907163604) (0.15789473684210525, 81.47368421052632, 4.9287296621651855) (0.21052631578947367, 81.47368421052632, 6.773193007708594) (0.2631578947368421, 81.47368421052632, 8.170590812808829) (0.3157894736842105, 81.47368421052632, 9.359544571626152) (0.3684210526315789, 81.47368421052632, 10.409271627990671) (0.42105263157894735, 81.47368421052632, 11.729649629757777) (0.4736842105263158, 81.47368421052632, 12.65644204323275) (0.5263157894736842, 81.47368421052632, 13.437256275937465) (0.5789473684210527, 81.47368421052632, 14.405609869189096) (0.631578947368421, 81.47368421052632, 15.259618197000618) (0.6842105263157894, 81.47368421052632, 15.996755478511703) (0.7368421052631579, 81.47368421052632, 16.921830288601345) (0.7894736842105263, 81.47368421052632, 18.16473608078124) (0.8421052631578947, 81.47368421052632, 18.8276041690103) (0.8947368421052628, 81.47368421052632, 20.20027217125613) (0.9473684210526316, 81.47368421052632, 19.388549061373325) (1.0, 81.47368421052632, 20.720394285698866) 

(0.0, 88.7894736842105, 0.0) (0.05263157894736842, 88.7894736842105, 3.4646892217616534) (0.10526315789473684, 88.7894736842105, 5.7796683586181965) (0.15789473684210525, 88.7894736842105, 8.10152754399534) (0.21052631578947367, 88.7894736842105, 9.398680349145927) (0.2631578947368421, 88.7894736842105, 10.955427520503902) (0.3157894736842105, 88.7894736842105, 13.232863840384006) (0.3684210526315789, 88.7894736842105, 14.243506584347436) (0.42105263157894735, 88.7894736842105, 15.410938157280526) (0.4736842105263158, 88.7894736842105, 16.263222437789054) (0.5263157894736842, 88.7894736842105, 16.933385640708636) (0.5789473684210527, 88.7894736842105, 18.780756411242596) (0.631578947368421, 88.7894736842105, 19.50066533077964) (0.6842105263157894, 88.7894736842105, 20.146214629635) (0.7368421052631579, 88.7894736842105, 20.38742627497396) (0.7894736842105263, 88.7894736842105, 22.347156629979462) (0.8421052631578947, 88.7894736842105, 22.546201714553646) (0.8947368421052628, 88.7894736842105, 23.626833942795887) (0.9473684210526316, 88.7894736842105, 25.656462782184896) (1.0, 88.7894736842105, 24.75864370032456) 

(0.0, 96.10526315789473, 1.1052631578947398) (0.05263157894736842, 96.10526315789473, 6.650046310245742) (0.10526315789473684, 96.10526315789473, 9.424513737591292) (0.15789473684210525, 96.10526315789473, 11.687908192146688) (0.21052631578947367, 96.10526315789473, 13.691534726127488) (0.2631578947368421, 96.10526315789473, 15.618475798226664) (0.3157894736842105, 96.10526315789473, 16.626037027058132) (0.3684210526315789, 96.10526315789473, 18.730136952306584) (0.42105263157894735, 96.10526315789473, 19.596238158515643) (0.4736842105263158, 96.10526315789473, 21.04382379676384) (0.5263157894736842, 96.10526315789473, 21.78982484546801) (0.5789473684210527, 96.10526315789473, 22.76170922190678) (0.631578947368421, 96.10526315789473, 24.633803820417327) (0.6842105263157894, 96.10526315789473, 24.98955317619874) (0.7368421052631579, 96.10526315789473, 26.204663181340557) (0.7894736842105263, 96.10526315789473, 26.61508748478684) (0.8421052631578947, 96.10526315789473, 27.794652172642827) (0.8947368421052628, 96.10526315789473, 27.586982725121022) (0.9473684210526316, 96.10526315789473, 29.83007588651063) (1.0, 96.10526315789473, 29.899047472971525) 

(0.0, 103.42105263157896, 8.421052631578945) (0.05263157894736842, 103.42105263157896, 11.44570865427468) (0.10526315789473684, 103.42105263157896, 14.646898820698901) (0.15789473684210525, 103.42105263157896, 16.206990740644418) (0.21052631578947367, 103.42105263157896, 18.224592020531308) (0.2631578947368421, 103.42105263157896, 20.23935731093179) (0.3157894736842105, 103.42105263157896, 21.86128159078204) (0.3684210526315789, 103.42105263157896, 22.97346589019933) (0.42105263157894735, 103.42105263157896, 23.904898222169447) (0.4736842105263158, 103.42105263157896, 25.762082073376426) (0.5263157894736842, 103.42105263157896, 26.58202498752677) (0.5789473684210527, 103.42105263157896, 28.15381286270244) (0.631578947368421, 103.42105263157896, 28.555440431660863) (0.6842105263157894, 103.42105263157896, 29.327546687660565) (0.7368421052631579, 103.42105263157896, 31.704509162914885) (0.7894736842105263, 103.42105263157896, 31.28922411761829) (0.8421052631578947, 103.42105263157896, 33.305526258526804) (0.8947368421052628, 103.42105263157896, 32.96717368562192) (0.9473684210526316, 103.42105263157896, 33.95537105111077) (1.0, 103.42105263157896, 35.97102680530655) 

(0.0, 110.73684210526315, 15.736842105263165) (0.05263157894736842, 110.73684210526315, 17.318980405437447) (0.10526315789473684, 110.73684210526315, 19.45336497103148) (0.15789473684210525, 110.73684210526315, 22.02235625991425) (0.21052631578947367, 110.73684210526315, 23.40110304044491) (0.2631578947368421, 110.73684210526315, 24.734320511117872) (0.3157894736842105, 110.73684210526315, 26.430086621116146) (0.3684210526315789, 110.73684210526315, 28.00146860781445) (0.42105263157894735, 110.73684210526315, 29.31808866926424) (0.4736842105263158, 110.73684210526315, 31.35796189544785) (0.5263157894736842, 110.73684210526315, 32.197307346927) (0.5789473684210527, 110.73684210526315, 33.060911000948) (0.631578947368421, 110.73684210526315, 34.45734339748655) (0.6842105263157894, 110.73684210526315, 34.932739646458025) (0.7368421052631579, 110.73684210526315, 36.424621272641055) (0.7894736842105263, 110.73684210526315, 37.20479364177014) (0.8421052631578947, 110.73684210526315, 37.54720675045479) (0.8947368421052628, 110.73684210526315, 38.679113998573776) (0.9473684210526316, 110.73684210526315, 39.28847446694176) (1.0, 110.73684210526315, 39.75173086041486) 

(0.0, 118.05263157894736, 23.052631578947373) (0.05263157894736842, 118.05263157894736, 24.47725681963611) (0.10526315789473684, 118.05263157894736, 25.723788325539907) (0.15789473684210525, 118.05263157894736, 27.770269835112373) (0.21052631578947367, 118.05263157894736, 29.32815351372659) (0.2631578947368421, 118.05263157894736, 31.443721087977337) (0.3157894736842105, 118.05263157894736, 32.805786327416115) (0.3684210526315789, 118.05263157894736, 34.478641020090265) (0.42105263157894735, 118.05263157894736, 33.93214597197779) (0.4736842105263158, 118.05263157894736, 36.27638363448385) (0.5263157894736842, 118.05263157894736, 38.085540913935645) (0.5789473684210527, 118.05263157894736, 39.30815637039815) (0.631578947368421, 118.05263157894736, 38.36466337538987) (0.6842105263157894, 118.05263157894736, 40.73749182381604) (0.7368421052631579, 118.05263157894736, 40.98895011270465) (0.7894736842105263, 118.05263157894736, 42.24437005388789) (0.8421052631578947, 118.05263157894736, 42.8324693090093) (0.8947368421052628, 118.05263157894736, 44.193682033269376) (0.9473684210526316, 118.05263157894736, 44.79216707498119) (1.0, 118.05263157894736, 44.908172103139755) 

(0.0, 125.36842105263158, 30.368421052631568) (0.05263157894736842, 125.36842105263158, 31.14307388299269) (0.10526315789473684, 125.36842105263158, 33.044866045639004) (0.15789473684210525, 125.36842105263158, 33.88206628908602) (0.21052631578947367, 125.36842105263158, 35.68023355494522) (0.2631578947368421, 125.36842105263158, 37.08099156598556) (0.3157894736842105, 125.36842105263158, 37.63197252695679) (0.3684210526315789, 125.36842105263158, 39.29065892104133) (0.42105263157894735, 125.36842105263158, 41.044837685077894) (0.4736842105263158, 125.36842105263158, 41.680868224878424) (0.5263157894736842, 125.36842105263158, 43.61822200073408) (0.5789473684210527, 125.36842105263158, 43.996291123576185) (0.631578947368421, 125.36842105263158, 44.139368767053405) (0.6842105263157894, 125.36842105263158, 46.978708737927924) (0.7368421052631579, 125.36842105263158, 46.74549330381504) (0.7894736842105263, 125.36842105263158, 48.00198637536718) (0.8421052631578947, 125.36842105263158, 48.89879028542059) (0.8947368421052628, 125.36842105263158, 49.112615365636934) (0.9473684210526316, 125.36842105263158, 49.99809928854054) (1.0, 125.36842105263158, 51.53104208953643) 

(0.0, 132.68421052631578, 37.68421052631578) (0.05263157894736842, 132.68421052631578, 38.29880924852953) (0.10526315789473684, 132.68421052631578, 39.308035192437785) (0.15789473684210525, 132.68421052631578, 40.95427651016865) (0.21052631578947367, 132.68421052631578, 41.627571022201415) (0.2631578947368421, 132.68421052631578, 42.87219676466616) (0.3157894736842105, 132.68421052631578, 45.22166570868122) (0.3684210526315789, 132.68421052631578, 45.20634630183278) (0.42105263157894735, 132.68421052631578, 46.82499410732114) (0.4736842105263158, 132.68421052631578, 48.082351088545934) (0.5263157894736842, 132.68421052631578, 48.54680945140389) (0.5789473684210527, 132.68421052631578, 50.15018296794618) (0.631578947368421, 132.68421052631578, 49.879717346952575) (0.6842105263157894, 132.68421052631578, 51.90208194077403) (0.7368421052631579, 132.68421052631578, 53.3439954769466) (0.7894736842105263, 132.68421052631578, 53.790253567599315) (0.8421052631578947, 132.68421052631578, 55.10357739597097) (0.8947368421052628, 132.68421052631578, 56.18514362801418) (0.9473684210526316, 132.68421052631578, 57.731094591065435) (1.0, 132.68421052631578, 56.48038834932546) 

(0.0, 140.0, 45.0) (0.05263157894736842, 140.0, 45.81252287232222) (0.10526315789473684, 140.0, 46.536216715358236) (0.15789473684210525, 140.0, 47.57426461759381) (0.21052631578947367, 140.0, 48.97949056065039) (0.2631578947368421, 140.0, 50.02805541722807) (0.3157894736842105, 140.0, 51.72842002377443) (0.3684210526315789, 140.0, 52.24965596903553) (0.42105263157894735, 140.0, 51.88624310906413) (0.4736842105263158, 140.0, 53.47628997400301) (0.5263157894736842, 140.0, 56.0835801333374) (0.5789473684210527, 140.0, 56.01248546959969) (0.631578947368421, 140.0, 56.5897055996124) (0.6842105263157894, 140.0, 58.11162383508184) (0.7368421052631579, 140.0, 58.76613982638835) (0.7894736842105263, 140.0, 61.06105949771953) (0.8421052631578947, 140.0, 61.22397969695306) (0.8947368421052628, 140.0, 62.106054032026215) (0.9473684210526316, 140.0, 61.60121530819344) (1.0, 140.0, 62.64101580240984) 

};
\end{axis}
\end{tikzpicture}
